0.000000000000000000e+00	1.092253402789447136e+01	1.554360611661905445e+01	2.310536044362292074e+01	1.003815728962397600e+02	7.561754327003864518e+00	2.730633506973617841e+01	9.242144177449167941e+00	0.000000000000000000e+00	0.000000000000000000e+00	7.561754327003864518e+00	1.890438581750965952e+01	4.200974626113257671e+00	1.932448328012098671e+01	1.218282641572844760e+01	4.200974626113257671e+00	3.321534403267104096e+01	0.000000000000000000e+00	1.079433272232436423e+02	3.455412701575201595e+01
1.092253402789447136e+01	0.000000000000000000e+00	4.032935641068727506e+01	8.822046714837842529e+00	3.150730969584943608e+01	3.780877163501931904e+01	4.481961084066685430e+01	3.990925894807595142e+01	1.344311880356242561e+01	0.000000000000000000e+00	3.066711477062678171e+01	1.428331372878507644e+01	2.436565283145689520e+01	2.226516551840026636e+01	9.111178423241429414e+01	1.848428835489833588e+01	1.512350865400772904e+01	4.621072088724583971e+00	1.386321626617375102e+01	0.000000000000000000e+00
1.554360611661905445e+01	4.032935641068727506e+01	0.000000000000000000e+00	1.554360611661905445e+01	1.134263149050579678e+01	1.344311880356242561e+01	7.609144875077527104e+01	4.032935641068727506e+01	5.881364476558561094e+00	0.000000000000000000e+00	2.772643253234750205e+01	3.066711477062678171e+01	9.662241640060493353e+00	4.200974626113257671e+00	4.747101327507981239e+01	2.520584775667954691e+00	1.344311880356242561e+01	2.520584775667954691e+00	2.058477566795496472e+01	7.981851789615189929e+00
2.310536044362292074e+01	8.822046714837842529e+00	1.554360611661905445e+01	0.000000000000000000e+00	2.814652999495882923e+01	7.981851789615189929e+00	9.242144177449167941e+00	9.242144177449167941e+00	1.428331372878507644e+01	6.301461939169887394e+00	1.050243656528314418e+01	4.986226134663006349e+01	4.200974626113257671e+00	4.442715786443182679e+01	1.790720970179299698e+01	3.570828432196269375e+01	2.738630661961048318e+01	9.534040334490384794e+01	6.632603393834607175e+01	4.074945387329860580e+01
1.003815728962397600e+02	3.150730969584943608e+01	1.134263149050579678e+01	2.814652999495882923e+01	0.000000000000000000e+00	2.856662745757015287e+01	1.092253402789447136e+01	6.301461939169887394e+00	1.470341119139640362e+01	0.000000000000000000e+00	3.780877163501932259e+00	0.000000000000000000e+00	5.041169551335909382e+00	8.247436319444676656e+01	1.470341119139640362e+01	3.717936591841598215e+01	4.621072088724583971e+00	3.780877163501932259e+00	3.990925894807595142e+01	8.401949252226515341e+00
7.561754327003864518e+00	3.780877163501931904e+01	1.344311880356242561e+01	7.981851789615189929e+00	2.856662745757015287e+01	0.000000000000000000e+00	1.008233910267181876e+01	6.443485487928145972e+01	1.470341119139640362e+01	0.000000000000000000e+00	2.058477566795496472e+01	6.721559401781212806e+00	2.940682238279280725e+01	3.822886909763064978e+01	3.318769954629473773e+01	6.721559401781212806e+00	1.344311880356242561e+01	0.000000000000000000e+00	5.881364476558561094e+00	9.662241640060493353e+00
2.730633506973617841e+01	4.481961084066685430e+01	7.609144875077527104e+01	9.242144177449167941e+00	1.092253402789447136e+01	1.008233910267181876e+01	0.000000000000000000e+00	7.338771925286430076e+01	6.301461939169887394e+00	0.000000000000000000e+00	7.436021279145926144e+01	7.031621935584001903e+01	1.302302134095110020e+01	6.301461939169887394e+00	5.629305998991765847e+01	1.260292387833977346e+00	4.132801348103124184e+01	1.260292387833977346e+00	2.226516551840026636e+01	1.050243656528314418e+01
9.242144177449167941e+00	3.990925894807595142e+01	4.032935641068727506e+01	9.242144177449167941e+00	6.301461939169887394e+00	6.443485487928145972e+01	7.338771925286430076e+01	0.000000000000000000e+00	2.940682238279280547e+00	0.000000000000000000e+00	1.890438581750965952e+01	6.199276069886050067e+01	1.890438581750965952e+01	1.050243656528314418e+01	5.041317646798639629e+01	3.780877163501932259e+00	2.940682238279280725e+01	0.000000000000000000e+00	4.621072088724583971e+00	8.401949252226515341e+00
0.000000000000000000e+00	1.344311880356242561e+01	5.881364476558561094e+00	1.428331372878507644e+01	1.470341119139640362e+01	1.470341119139640362e+01	6.301461939169887394e+00	2.940682238279280547e+00	0.000000000000000000e+00	0.000000000000000000e+00	1.218282641572844760e+01	0.000000000000000000e+00	2.226516551840026636e+01	9.053470557930894813e+01	3.864896656024197341e+01	1.764409342967568506e+01	6.301461939169887394e+00	2.520584775667954691e+00	0.000000000000000000e+00	4.621072088724583971e+00
0.000000000000000000e+00	0.000000000000000000e+00	0.000000000000000000e+00	6.301461939169887394e+00	0.000000000000000000e+00	0.000000000000000000e+00	0.000000000000000000e+00	0.000000000000000000e+00	0.000000000000000000e+00	0.000000000000000000e+00	3.780877163501932259e+00	0.000000000000000000e+00	0.000000000000000000e+00	0.000000000000000000e+00	0.000000000000000000e+00	4.200974626113258004e-01	0.000000000000000000e+00	9.074549478792826562e+01	0.000000000000000000e+00	0.000000000000000000e+00
7.561754327003864518e+00	3.066711477062678171e+01	2.772643253234750205e+01	1.050243656528314418e+01	3.780877163501932259e+00	2.058477566795496472e+01	7.436021279145926144e+01	1.890438581750965952e+01	1.218282641572844760e+01	3.780877163501932259e+00	0.000000000000000000e+00	7.981851789615189929e+00	9.258286582886758254e+01	1.423098666528707490e+01	8.483648582499340307e+01	3.780877163501932259e+00	7.380929767010292153e+01	3.274291950656170513e+01	2.520584775667954691e+00	4.200974626113258004e-01
1.890438581750965952e+01	1.428331372878507644e+01	3.066711477062678171e+01	4.986226134663006349e+01	0.000000000000000000e+00	6.721559401781212806e+00	7.031621935584001903e+01	6.199276069886050067e+01	0.000000000000000000e+00	0.000000000000000000e+00	7.981851789615189929e+00	0.000000000000000000e+00	0.000000000000000000e+00	7.141656864392538218e+00	1.764409342967568506e+01	5.461267013947235682e+00	1.134263149050579678e+01	4.200974626113257671e+00	7.141656864392538218e+00	3.486808939674003938e+01
4.200974626113257671e+00	2.436565283145689520e+01	9.662241640060493353e+00	4.200974626113257671e+00	5.041169551335909382e+00	2.940682238279280725e+01	1.302302134095110020e+01	1.890438581750965952e+01	2.226516551840026636e+01	0.000000000000000000e+00	9.258286582886758254e+01	0.000000000000000000e+00	0.000000000000000000e+00	3.962146009883693409e+01	5.330153164276767086e+01	2.940682238279280547e+00	5.114871726621304049e+01	3.780877163501932259e+00	0.000000000000000000e+00	1.680389850445303201e+00
1.932448328012098671e+01	2.226516551840026636e+01	4.200974626113257671e+00	4.442715786443182679e+01	8.247436319444676656e+01	3.822886909763064978e+01	6.301461939169887394e+00	1.050243656528314418e+01	9.053470557930894813e+01	0.000000000000000000e+00	1.423098666528707490e+01	7.141656864392538218e+00	3.962146009883693409e+01	0.000000000000000000e+00	1.008278338906000897e+02	1.638380104184170705e+01	6.301461939169887394e+00	3.360779700890606403e+00	1.344311880356242561e+01	2.184506805578894273e+01
1.218282641572844760e+01	9.111178423241429414e+01	4.747101327507981239e+01	1.790720970179299698e+01	1.470341119139640362e+01	3.318769954629473773e+01	5.629305998991765847e+01	5.041317646798639629e+01	3.864896656024197341e+01	0.000000000000000000e+00	8.483648582499340307e+01	1.764409342967568506e+01	5.330153164276767086e+01	1.008278338906000897e+02	0.000000000000000000e+00	1.218282641572844760e+01	3.381858621752537886e+01	3.360779700890606403e+00	7.141656864392538218e+00	6.721559401781212806e+00
4.200974626113257671e+00	1.848428835489833588e+01	2.520584775667954691e+00	3.570828432196269375e+01	3.717936591841598215e+01	6.721559401781212806e+00	1.260292387833977346e+00	3.780877163501932259e+00	1.764409342967568506e+01	4.200974626113258004e-01	3.780877163501932259e+00	5.461267013947235682e+00	2.940682238279280547e+00	1.638380104184170705e+01	1.218282641572844760e+01	0.000000000000000000e+00	4.200974626113257671e+00	1.845812482314933334e+01	1.218282641572844760e+01	1.344311880356242561e+01
3.321534403267104096e+01	1.512350865400772904e+01	1.344311880356242561e+01	2.738630661961048318e+01	4.621072088724583971e+00	1.344311880356242561e+01	4.132801348103124184e+01	2.940682238279280725e+01	6.301461939169887394e+00	0.000000000000000000e+00	7.380929767010292153e+01	1.134263149050579678e+01	5.114871726621304049e+01	6.301461939169887394e+00	3.381858621752537886e+01	4.200974626113257671e+00	0.000000000000000000e+00	4.621072088724583971e+00	8.822046714837842529e+00	5.881364476558561094e+00
0.000000000000000000e+00	4.621072088724583971e+00	2.520584775667954691e+00	9.534040334490384794e+01	3.780877163501932259e+00	0.000000000000000000e+00	1.260292387833977346e+00	0.000000000000000000e+00	2.520584775667954691e+00	9.074549478792826562e+01	3.274291950656170513e+01	4.200974626113257671e+00	3.780877163501932259e+00	3.360779700890606403e+00	3.360779700890606403e+00	1.845812482314933334e+01	4.621072088724583971e+00	0.000000000000000000e+00	6.301461939169887394e+00	1.176272895311712219e+01
1.079433272232436423e+02	1.386321626617375102e+01	2.058477566795496472e+01	6.632603393834607175e+01	3.990925894807595142e+01	5.881364476558561094e+00	2.226516551840026636e+01	4.621072088724583971e+00	0.000000000000000000e+00	0.000000000000000000e+00	2.520584775667954691e+00	7.141656864392538218e+00	0.000000000000000000e+00	1.344311880356242561e+01	7.141656864392538218e+00	1.218282641572844760e+01	8.822046714837842529e+00	6.301461939169887394e+00	0.000000000000000000e+00	1.134263149050579678e+01
3.455412701575201595e+01	0.000000000000000000e+00	7.981851789615189929e+00	4.074945387329860580e+01	8.401949252226515341e+00	9.662241640060493353e+00	1.050243656528314418e+01	8.401949252226515341e+00	4.621072088724583971e+00	0.000000000000000000e+00	4.200974626113258004e-01	3.486808939674003938e+01	1.680389850445303201e+00	2.184506805578894273e+01	6.721559401781212806e+00	1.344311880356242561e+01	5.881364476558561094e+00	1.176272895311712219e+01	1.134263149050579678e+01	0.000000000000000000e+00
