0.000000000000000000e+00	8.818342151675486207e+01	0.000000000000000000e+00	8.818342151675485852e+00	0.000000000000000000e+00	1.036155202821869636e+02	0.000000000000000000e+00	0.000000000000000000e+00	5.952380952380953261e+01	0.000000000000000000e+00	9.038800705467373575e+01	0.000000000000000000e+00	0.000000000000000000e+00	0.000000000000000000e+00	0.000000000000000000e+00	4.409171075837742926e+00	0.000000000000000000e+00	0.000000000000000000e+00	0.000000000000000000e+00	0.000000000000000000e+00
8.818342151675486207e+01	0.000000000000000000e+00	0.000000000000000000e+00	0.000000000000000000e+00	0.000000000000000000e+00	0.000000000000000000e+00	0.000000000000000000e+00	0.000000000000000000e+00	0.000000000000000000e+00	0.000000000000000000e+00	8.377425044091711470e+01	0.000000000000000000e+00	0.000000000000000000e+00	0.000000000000000000e+00	8.377425044091711470e+01	0.000000000000000000e+00	0.000000000000000000e+00	0.000000000000000000e+00	0.000000000000000000e+00	0.000000000000000000e+00
0.000000000000000000e+00	0.000000000000000000e+00	0.000000000000000000e+00	0.000000000000000000e+00	0.000000000000000000e+00	0.000000000000000000e+00	0.000000000000000000e+00	6.393298059964727287e+01	0.000000000000000000e+00	2.865961199294532946e+01	0.000000000000000000e+00	0.000000000000000000e+00	9.038800705467373575e+01	0.000000000000000000e+00	0.000000000000000000e+00	0.000000000000000000e+00	0.000000000000000000e+00	0.000000000000000000e+00	0.000000000000000000e+00	0.000000000000000000e+00
8.818342151675485852e+00	0.000000000000000000e+00	0.000000000000000000e+00	0.000000000000000000e+00	0.000000000000000000e+00	0.000000000000000000e+00	0.000000000000000000e+00	2.204585537918871463e+00	0.000000000000000000e+00	0.000000000000000000e+00	0.000000000000000000e+00	0.000000000000000000e+00	6.613756613756613945e+01	0.000000000000000000e+00	0.000000000000000000e+00	0.000000000000000000e+00	0.000000000000000000e+00	8.156966490299824102e+01	0.000000000000000000e+00	0.000000000000000000e+00
0.000000000000000000e+00	0.000000000000000000e+00	0.000000000000000000e+00	0.000000000000000000e+00	0.000000000000000000e+00	9.038800705467373575e+01	0.000000000000000000e+00	0.000000000000000000e+00	0.000000000000000000e+00	0.000000000000000000e+00	0.000000000000000000e+00	0.000000000000000000e+00	0.000000000000000000e+00	0.000000000000000000e+00	0.000000000000000000e+00	0.000000000000000000e+00	0.000000000000000000e+00	0.000000000000000000e+00	0.000000000000000000e+00	9.920634920634921627e+01
1.036155202821869636e+02	0.000000000000000000e+00	0.000000000000000000e+00	0.000000000000000000e+00	9.038800705467373575e+01	0.000000000000000000e+00	0.000000000000000000e+00	0.000000000000000000e+00	1.036155202821869636e+02	0.000000000000000000e+00	8.818342151675486207e+01	0.000000000000000000e+00	9.700176366843034259e+01	0.000000000000000000e+00	0.000000000000000000e+00	0.000000000000000000e+00	2.204585537918871463e+00	5.511463844797178524e+01	0.000000000000000000e+00	0.000000000000000000e+00
0.000000000000000000e+00	0.000000000000000000e+00	0.000000000000000000e+00	0.000000000000000000e+00	0.000000000000000000e+00	0.000000000000000000e+00	0.000000000000000000e+00	5.952380952380953261e+01	9.479717813051146891e+01	0.000000000000000000e+00	0.000000000000000000e+00	0.000000000000000000e+00	0.000000000000000000e+00	0.000000000000000000e+00	9.038800705467373575e+01	1.984126984126984183e+01	0.000000000000000000e+00	0.000000000000000000e+00	0.000000000000000000e+00	0.000000000000000000e+00
0.000000000000000000e+00	0.000000000000000000e+00	6.393298059964727287e+01	2.204585537918871463e+00	0.000000000000000000e+00	0.000000000000000000e+00	5.952380952380953261e+01	0.000000000000000000e+00	4.409171075837742926e+00	0.000000000000000000e+00	8.818342151675486207e+01	2.425044091710758565e+01	0.000000000000000000e+00	0.000000000000000000e+00	0.000000000000000000e+00	0.000000000000000000e+00	0.000000000000000000e+00	3.968253968253968367e+01	0.000000000000000000e+00	5.291005291005291156e+01
5.952380952380953261e+01	0.000000000000000000e+00	0.000000000000000000e+00	0.000000000000000000e+00	0.000000000000000000e+00	1.036155202821869636e+02	9.479717813051146891e+01	4.409171075837742926e+00	0.000000000000000000e+00	0.000000000000000000e+00	0.000000000000000000e+00	5.070546737213404498e+01	0.000000000000000000e+00	0.000000000000000000e+00	0.000000000000000000e+00	0.000000000000000000e+00	0.000000000000000000e+00	0.000000000000000000e+00	0.000000000000000000e+00	0.000000000000000000e+00
0.000000000000000000e+00	0.000000000000000000e+00	2.865961199294532946e+01	0.000000000000000000e+00	0.000000000000000000e+00	0.000000000000000000e+00	0.000000000000000000e+00	0.000000000000000000e+00	0.000000000000000000e+00	0.000000000000000000e+00	0.000000000000000000e+00	0.000000000000000000e+00	3.968253968253968367e+01	0.000000000000000000e+00	0.000000000000000000e+00	0.000000000000000000e+00	0.000000000000000000e+00	1.058201058201058231e+02	0.000000000000000000e+00	9.700176366843034259e+01
9.038800705467373575e+01	8.377425044091711470e+01	0.000000000000000000e+00	0.000000000000000000e+00	0.000000000000000000e+00	8.818342151675486207e+01	0.000000000000000000e+00	8.818342151675486207e+01	0.000000000000000000e+00	0.000000000000000000e+00	0.000000000000000000e+00	0.000000000000000000e+00	0.000000000000000000e+00	0.000000000000000000e+00	0.000000000000000000e+00	0.000000000000000000e+00	0.000000000000000000e+00	0.000000000000000000e+00	0.000000000000000000e+00	0.000000000000000000e+00
0.000000000000000000e+00	0.000000000000000000e+00	0.000000000000000000e+00	0.000000000000000000e+00	0.000000000000000000e+00	0.000000000000000000e+00	0.000000000000000000e+00	2.425044091710758565e+01	5.070546737213404498e+01	0.000000000000000000e+00	0.000000000000000000e+00	0.000000000000000000e+00	8.818342151675485852e+00	0.000000000000000000e+00	0.000000000000000000e+00	0.000000000000000000e+00	0.000000000000000000e+00	0.000000000000000000e+00	0.000000000000000000e+00	0.000000000000000000e+00
0.000000000000000000e+00	0.000000000000000000e+00	9.038800705467373575e+01	6.613756613756613945e+01	0.000000000000000000e+00	9.700176366843034259e+01	0.000000000000000000e+00	0.000000000000000000e+00	0.000000000000000000e+00	3.968253968253968367e+01	0.000000000000000000e+00	8.818342151675485852e+00	0.000000000000000000e+00	0.000000000000000000e+00	0.000000000000000000e+00	0.000000000000000000e+00	8.156966490299824102e+01	0.000000000000000000e+00	0.000000000000000000e+00	0.000000000000000000e+00
0.000000000000000000e+00	0.000000000000000000e+00	0.000000000000000000e+00	0.000000000000000000e+00	0.000000000000000000e+00	0.000000000000000000e+00	0.000000000000000000e+00	0.000000000000000000e+00	0.000000000000000000e+00	0.000000000000000000e+00	0.000000000000000000e+00	0.000000000000000000e+00	0.000000000000000000e+00	0.000000000000000000e+00	0.000000000000000000e+00	0.000000000000000000e+00	0.000000000000000000e+00	0.000000000000000000e+00	0.000000000000000000e+00	0.000000000000000000e+00
0.000000000000000000e+00	8.377425044091711470e+01	0.000000000000000000e+00	0.000000000000000000e+00	0.000000000000000000e+00	0.000000000000000000e+00	9.038800705467373575e+01	0.000000000000000000e+00	0.000000000000000000e+00	0.000000000000000000e+00	0.000000000000000000e+00	0.000000000000000000e+00	0.000000000000000000e+00	0.000000000000000000e+00	0.000000000000000000e+00	0.000000000000000000e+00	1.322751322751322789e+01	0.000000000000000000e+00	1.543209876543209980e+01	9.038800705467373575e+01
4.409171075837742926e+00	0.000000000000000000e+00	0.000000000000000000e+00	0.000000000000000000e+00	0.000000000000000000e+00	0.000000000000000000e+00	1.984126984126984183e+01	0.000000000000000000e+00	0.000000000000000000e+00	0.000000000000000000e+00	0.000000000000000000e+00	0.000000000000000000e+00	0.000000000000000000e+00	0.000000000000000000e+00	0.000000000000000000e+00	0.000000000000000000e+00	0.000000000000000000e+00	0.000000000000000000e+00	0.000000000000000000e+00	2.865961199294532946e+01
0.000000000000000000e+00	0.000000000000000000e+00	0.000000000000000000e+00	0.000000000000000000e+00	0.000000000000000000e+00	2.204585537918871463e+00	0.000000000000000000e+00	0.000000000000000000e+00	0.000000000000000000e+00	0.000000000000000000e+00	0.000000000000000000e+00	0.000000000000000000e+00	8.156966490299824102e+01	0.000000000000000000e+00	1.322751322751322789e+01	0.000000000000000000e+00	0.000000000000000000e+00	8.597883597883598839e+01	1.763668430335097170e+01	0.000000000000000000e+00
0.000000000000000000e+00	0.000000000000000000e+00	0.000000000000000000e+00	8.156966490299824102e+01	0.000000000000000000e+00	5.511463844797178524e+01	0.000000000000000000e+00	3.968253968253968367e+01	0.000000000000000000e+00	1.058201058201058231e+02	0.000000000000000000e+00	0.000000000000000000e+00	0.000000000000000000e+00	0.000000000000000000e+00	0.000000000000000000e+00	0.000000000000000000e+00	8.597883597883598839e+01	0.000000000000000000e+00	0.000000000000000000e+00	0.000000000000000000e+00
0.000000000000000000e+00	0.000000000000000000e+00	0.000000000000000000e+00	0.000000000000000000e+00	0.000000000000000000e+00	0.000000000000000000e+00	0.000000000000000000e+00	0.000000000000000000e+00	0.000000000000000000e+00	0.000000000000000000e+00	0.000000000000000000e+00	0.000000000000000000e+00	0.000000000000000000e+00	0.000000000000000000e+00	1.543209876543209980e+01	0.000000000000000000e+00	1.763668430335097170e+01	0.000000000000000000e+00	0.000000000000000000e+00	0.000000000000000000e+00
0.000000000000000000e+00	0.000000000000000000e+00	0.000000000000000000e+00	0.000000000000000000e+00	9.920634920634921627e+01	0.000000000000000000e+00	0.000000000000000000e+00	5.291005291005291156e+01	0.000000000000000000e+00	9.700176366843034259e+01	0.000000000000000000e+00	0.000000000000000000e+00	0.000000000000000000e+00	0.000000000000000000e+00	9.038800705467373575e+01	2.865961199294532946e+01	0.000000000000000000e+00	0.000000000000000000e+00	0.000000000000000000e+00	0.000000000000000000e+00
