0.000000000000000000e+00	6.668059932564925418e+01	6.972731106837728987e+01	1.181132363026747001e+01	1.457373505391383439e+01	0.000000000000000000e+00	6.287015198509868696e+01	5.905936170085804093e+01	2.819477253676750905e+01	1.257334450963956485e+01	5.582163032275185088e+01	4.819936386689038699e+01	1.409738626838375453e+01	8.382229673093043232e+00	2.362264726053494002e+01	2.628972033833727195e+01	7.515748145720614559e+01	1.257334450963956485e+01	1.790749066524422872e+01	3.733902308923264712e+01
6.668059932564925418e+01	0.000000000000000000e+00	1.981254286367446582e+01	1.828850110493027614e+01	8.001219233406995812e+00	1.181132363026747001e+01	8.763240112779090651e+00	1.028728187152328033e+01	1.505042678313400373e+01	1.409738626838375453e+01	1.638344890650003904e+01	2.209860550179075034e+01	1.524041758744189679e+01	9.906271431837232910e+00	2.819477253676750905e+01	2.743275165739541421e+01	1.714546978587213388e+01	2.781376209708146163e+01	1.333536538901165969e+01	3.476831718834461071e+01
6.972731106837728987e+01	1.981254286367446582e+01	0.000000000000000000e+00	1.066829231120932775e+01	1.228767241579754987e+01	8.001219233406995812e+00	6.277447069556457393e+01	3.886443662273718047e+01	2.019355330336051324e+01	3.352891869237217293e+01	8.763240112779090651e+00	8.382229673093043232e+00	1.447839670806980195e+01	8.001219233406995812e+00	7.239472708986970417e+01	1.524041758744189679e+01	5.257944067667454391e+01	5.086643694469272248e+01	2.362264726053494002e+01	7.620208793720948393e+00
1.181132363026747001e+01	1.828850110493027614e+01	1.066829231120932775e+01	0.000000000000000000e+00	7.430080811937020258e+01	5.039043110285272320e+01	3.848342618305113660e+01	1.905052198430237098e+00	3.552930923664644070e+01	0.000000000000000000e+00	3.896011791227130061e+01	2.286062638116284518e+00	7.582347810335404859e+01	1.524041758744189679e+01	5.334146155604663875e+00	1.104930275089537517e+01	3.810104396860474196e-01	2.400365770022098744e+01	4.610397792046217091e+01	1.676445934618608646e+01
1.457373505391383439e+01	8.001219233406995812e+00	1.228767241579754987e+01	7.430080811937020258e+01	0.000000000000000000e+00	1.524041758744189679e+01	3.848205440829079294e+01	8.001219233406995812e+00	2.895679341613960389e+01	4.953135715918616455e+00	1.638344890650003904e+01	4.953135715918616455e+00	8.096831934203098058e+01	3.915113754764945497e+01	1.524041758744189679e+00	2.819614431152785627e+01	6.858187914348853553e+00	3.810104396860474196e-01	1.562142802712794420e+01	1.219233406995351743e+01
0.000000000000000000e+00	1.181132363026747001e+01	8.001219233406995812e+00	5.039043110285272320e+01	1.524041758744189679e+01	0.000000000000000000e+00	1.028728187152328033e+01	4.572125276232569036e+00	5.886971384024023024e+01	3.810104396860474196e+00	7.620208793720948393e+00	3.429093957174426777e+00	1.752648022555818130e+01	2.247961594147679776e+01	4.572125276232569036e+00	6.096167034976758714e+00	8.763240112779090651e+00	4.324657109466186000e+01	1.447839670806980195e+01	9.906271431837232910e+00
6.287015198509868696e+01	8.763240112779090651e+00	6.277447069556457393e+01	3.848342618305113660e+01	3.848205440829079294e+01	1.028728187152328033e+01	0.000000000000000000e+00	4.839072644595862727e+01	2.495704115866131900e+01	7.239198354034900973e+00	9.525260992151185491e+00	1.219233406995351743e+01	3.124285605425588841e+01	2.581474332756753753e+01	1.238335370533167179e+01	9.906271431837232910e+00	1.752648022555818130e+01	7.239198354034900973e+00	9.144250552465138071e+00	1.181132363026747001e+01
5.905936170085804093e+01	1.028728187152328033e+01	3.886443662273718047e+01	1.905052198430237098e+00	8.001219233406995812e+00	4.572125276232569036e+00	4.839072644595862727e+01	0.000000000000000000e+00	9.144250552465138071e+00	8.763240112779090651e+00	7.239198354034900973e+00	4.838901172750819057e+01	5.334146155604663875e+00	6.477177474662806134e+00	6.477177474662806134e+00	4.896207063364265366e+01	1.028728187152328033e+01	1.543143722282005115e+01	7.239198354034900973e+00	1.219233406995351743e+01
2.819477253676750905e+01	1.505042678313400373e+01	2.019355330336051324e+01	3.552930923664644070e+01	2.895679341613960389e+01	5.886971384024023024e+01	2.495704115866131900e+01	9.144250552465138071e+00	0.000000000000000000e+00	2.324163682084889260e+01	1.143065613427150851e+01	2.628972033833727195e+01	3.924407528766288067e+01	1.943153242398841840e+01	1.866951154461632356e+01	2.819477253676750905e+01	4.610466380784234275e+01	9.906271431837232910e+00	5.715156595290711294e+00	5.353385296618514388e+01
1.257334450963956485e+01	1.409738626838375453e+01	3.352891869237217293e+01	0.000000000000000000e+00	4.953135715918616455e+00	3.810104396860474196e+00	7.239198354034900973e+00	8.763240112779090651e+00	2.324163682084889260e+01	0.000000000000000000e+00	4.572125276232569036e+00	9.525260992151185491e+00	3.810104396860474196e+00	7.239198354034900973e+00	5.210514955328498132e+01	4.715235678105644723e+01	3.390992913205822390e+01	1.295435494932561227e+01	5.334146155604663875e+00	3.810104396860474196e+00
5.582163032275185088e+01	1.638344890650003904e+01	8.763240112779090651e+00	3.896011791227130061e+01	1.638344890650003904e+01	7.620208793720948393e+00	9.525260992151185491e+00	7.239198354034900973e+00	1.143065613427150851e+01	4.572125276232569036e+00	0.000000000000000000e+00	1.257334450963956485e+01	1.752648022555818130e+01	5.334146155604663875e+00	0.000000000000000000e+00	5.982275435499048655e+01	9.144250552465138071e+00	7.239198354034900973e+00	2.781376209708146163e+01	8.382229673093043232e+00
4.819936386689038699e+01	2.209860550179075034e+01	8.382229673093043232e+00	2.286062638116284518e+00	4.953135715918616455e+00	3.429093957174426777e+00	1.219233406995351743e+01	4.838901172750819057e+01	2.628972033833727195e+01	9.525260992151185491e+00	1.257334450963956485e+01	0.000000000000000000e+00	1.562142802712794420e+01	1.143031319058142259e+01	3.810104396860474196e-01	6.486917075461261106e+01	6.858187914348853553e+00	2.667073077802331937e+00	3.810104396860474196e-01	6.791862604686133409e+01
1.409738626838375453e+01	1.524041758744189679e+01	1.447839670806980195e+01	7.582347810335404859e+01	8.096831934203098058e+01	1.752648022555818130e+01	3.124285605425588841e+01	5.334146155604663875e+00	3.924407528766288067e+01	3.810104396860474196e+00	1.752648022555818130e+01	1.562142802712794420e+01	0.000000000000000000e+00	1.362138042654375880e+01	1.143031319058142259e+00	3.810104396860474196e+00	4.191114836546521616e+00	1.257334450963956485e+01	3.781640070583299007e+01	3.505296045111636261e+01
8.382229673093043232e+00	9.906271431837232910e+00	8.001219233406995812e+00	1.524041758744189679e+01	3.915113754764945497e+01	2.247961594147679776e+01	2.581474332756753753e+01	6.477177474662806134e+00	1.943153242398841840e+01	7.239198354034900973e+00	5.334146155604663875e+00	1.143031319058142259e+01	1.362138042654375880e+01	0.000000000000000000e+00	4.191114836546521616e+00	5.286854220741742694e+01	3.305462756898261034e+01	6.858187914348853553e+00	7.620208793720948393e-01	9.716280627529339853e+00
2.362264726053494002e+01	2.819477253676750905e+01	7.239472708986970417e+01	5.334146155604663875e+00	1.524041758744189679e+00	4.572125276232569036e+00	1.238335370533167179e+01	6.477177474662806134e+00	1.866951154461632356e+01	5.210514955328498132e+01	0.000000000000000000e+00	3.810104396860474196e-01	1.143031319058142259e+00	4.191114836546521616e+00	0.000000000000000000e+00	1.952687076983245262e+01	7.706321954301655808e+01	3.162386649394193583e+01	1.143031319058142259e+01	4.953135715918616455e+00
2.628972033833727195e+01	2.743275165739541421e+01	1.524041758744189679e+01	1.104930275089537517e+01	2.819614431152785627e+01	6.096167034976758714e+00	9.906271431837232910e+00	4.896207063364265366e+01	2.819477253676750905e+01	4.715235678105644723e+01	5.982275435499048655e+01	6.486917075461261106e+01	3.810104396860474196e+00	5.286854220741742694e+01	1.952687076983245262e+01	0.000000000000000000e+00	1.143031319058142259e+01	7.620208793720948393e+00	9.525260992151185491e+00	1.752648022555818130e+01
7.515748145720614559e+01	1.714546978587213388e+01	5.257944067667454391e+01	3.810104396860474196e-01	6.858187914348853553e+00	8.763240112779090651e+00	1.752648022555818130e+01	1.028728187152328033e+01	4.610466380784234275e+01	3.390992913205822390e+01	9.144250552465138071e+00	6.858187914348853553e+00	4.191114836546521616e+00	3.305462756898261034e+01	7.706321954301655808e+01	1.143031319058142259e+01	0.000000000000000000e+00	1.562142802712794420e+01	6.096167034976758714e+00	1.447839670806980195e+01
1.257334450963956485e+01	2.781376209708146163e+01	5.086643694469272248e+01	2.400365770022098744e+01	3.810104396860474196e-01	4.324657109466186000e+01	7.239198354034900973e+00	1.543143722282005115e+01	9.906271431837232910e+00	1.295435494932561227e+01	7.239198354034900973e+00	2.667073077802331937e+00	1.257334450963956485e+01	6.858187914348853553e+00	3.162386649394193583e+01	7.620208793720948393e+00	1.562142802712794420e+01	0.000000000000000000e+00	3.390992913205822390e+01	4.191114836546521616e+00
1.790749066524422872e+01	1.333536538901165969e+01	2.362264726053494002e+01	4.610397792046217091e+01	1.562142802712794420e+01	1.447839670806980195e+01	9.144250552465138071e+00	7.239198354034900973e+00	5.715156595290711294e+00	5.334146155604663875e+00	2.781376209708146163e+01	3.810104396860474196e-01	3.781640070583299007e+01	7.620208793720948393e-01	1.143031319058142259e+01	9.525260992151185491e+00	6.096167034976758714e+00	3.390992913205822390e+01	0.000000000000000000e+00	7.715547139564981727e+00
3.733902308923264712e+01	3.476831718834461071e+01	7.620208793720948393e+00	1.676445934618608646e+01	1.219233406995351743e+01	9.906271431837232910e+00	1.181132363026747001e+01	1.219233406995351743e+01	5.353385296618514388e+01	3.810104396860474196e+00	8.382229673093043232e+00	6.791862604686133409e+01	3.505296045111636261e+01	9.716280627529339853e+00	4.953135715918616455e+00	1.752648022555818130e+01	1.447839670806980195e+01	4.191114836546521616e+00	7.715547139564981727e+00	0.000000000000000000e+00
