0.000000000000000000e+00	1.092253402789447136e+01	1.554360611661905445e+01	2.310536044362292074e+01	3.990925894807595142e+01	7.561754327003864518e+00	5.984176433021680452e+01	9.242144177449167941e+00	0.000000000000000000e+00	0.000000000000000000e+00	7.561754327003864518e+00	1.890438581750965952e+01	4.200974626113257671e+00	1.932448328012098671e+01	1.218282641572844760e+01	4.200974626113257671e+00	1.470341119139640362e+01	0.000000000000000000e+00	8.391069404681812216e+01	1.974458074273231389e+01
1.092253402789447136e+01	0.000000000000000000e+00	8.718037454577937240e+01	8.822046714837842529e+00	5.623423593381470909e+01	9.767396147430366682e+01	3.864896656024197341e+01	8.806169425358727665e+01	1.344311880356242561e+01	0.000000000000000000e+00	6.970962988320353304e+01	1.428331372878507644e+01	3.347557302439147264e+01	2.226516551840026636e+01	5.305565463678279059e+01	4.060838025202516377e+01	1.512350865400772904e+01	4.621072088724583971e+00	1.386321626617375102e+01	0.000000000000000000e+00
1.554360611661905445e+01	8.718037454577937240e+01	0.000000000000000000e+00	1.554360611661905445e+01	1.134263149050579678e+01	1.344311880356242561e+01	5.881364476558561449e+01	9.368746039787549762e+01	5.881364476558561094e+00	0.000000000000000000e+00	6.156327896324735605e+01	6.840821271278430515e+01	9.662241640060493353e+00	4.200974626113257671e+00	9.041777989891424738e+01	2.520584775667954691e+00	1.344311880356242561e+01	2.520584775667954691e+00	5.702445643969326738e+01	7.981851789615189929e+00
2.310536044362292074e+01	8.822046714837842529e+00	1.554360611661905445e+01	0.000000000000000000e+00	2.814652999495882923e+01	7.981851789615189929e+00	9.242144177449167941e+00	9.242144177449167941e+00	1.428331372878507644e+01	6.301461939169887394e+00	1.050243656528314418e+01	2.394555536884557156e+01	4.200974626113257671e+00	1.974458074273231389e+01	1.050243656528314418e+01	8.125788528663557031e+01	1.134263149050579678e+01	3.486808939674003938e+01	2.436565283145689520e+01	7.198346596336000403e+01
3.990925894807595142e+01	5.623423593381470909e+01	1.134263149050579678e+01	2.814652999495882923e+01	0.000000000000000000e+00	4.288221633218162765e+01	1.092253402789447136e+01	6.301461939169887394e+00	1.470341119139640362e+01	0.000000000000000000e+00	3.780877163501932259e+00	0.000000000000000000e+00	5.041169551335909382e+00	2.940682238279280725e+01	1.470341119139640362e+01	2.730633506973617841e+01	4.621072088724583971e+00	3.780877163501932259e+00	7.504752254939502620e+01	8.401949252226515341e+00
7.561754327003864518e+00	9.767396147430366682e+01	1.344311880356242561e+01	7.981851789615189929e+00	4.288221633218162765e+01	0.000000000000000000e+00	1.008233910267181876e+01	3.234750462107208335e+01	1.470341119139640362e+01	0.000000000000000000e+00	2.058477566795496472e+01	6.721559401781212806e+00	8.146350919956181258e+01	9.549122459607653468e+01	3.318769954629473773e+01	6.721559401781212806e+00	1.344311880356242561e+01	0.000000000000000000e+00	5.881364476558561094e+00	9.662241640060493353e+00
5.984176433021680452e+01	3.864896656024197341e+01	5.881364476558561449e+01	9.242144177449167941e+00	1.092253402789447136e+01	1.008233910267181876e+01	0.000000000000000000e+00	4.747101327507981239e+01	6.301461939169887394e+00	0.000000000000000000e+00	3.486808939674003938e+01	3.822886909763064978e+01	1.302302134095110020e+01	6.301461939169887394e+00	1.174596669996212057e+02	1.260292387833977346e+00	2.898672492018148006e+01	1.260292387833977346e+00	2.226516551840026636e+01	1.050243656528314418e+01
9.242144177449167941e+00	8.806169425358727665e+01	9.368746039787549762e+01	9.242144177449167941e+00	6.301461939169887394e+00	3.234750462107208335e+01	4.747101327507981239e+01	0.000000000000000000e+00	2.940682238279280547e+00	0.000000000000000000e+00	1.890438581750965952e+01	3.360779700890606136e+01	1.890438581750965952e+01	1.050243656528314418e+01	3.066711477062678171e+01	3.780877163501932259e+00	6.324366881369265769e+01	0.000000000000000000e+00	4.621072088724583971e+00	8.401949252226515341e+00
0.000000000000000000e+00	1.344311880356242561e+01	5.881364476558561094e+00	1.428331372878507644e+01	1.470341119139640362e+01	1.470341119139640362e+01	6.301461939169887394e+00	2.940682238279280547e+00	0.000000000000000000e+00	0.000000000000000000e+00	1.218282641572844760e+01	0.000000000000000000e+00	4.048500590426942125e+01	4.116955133590992943e+01	1.011169907403647699e+02	3.586393381554483284e+01	6.301461939169887394e+00	2.520584775667954691e+00	0.000000000000000000e+00	4.621072088724583971e+00
0.000000000000000000e+00	0.000000000000000000e+00	0.000000000000000000e+00	6.301461939169887394e+00	0.000000000000000000e+00	0.000000000000000000e+00	0.000000000000000000e+00	0.000000000000000000e+00	0.000000000000000000e+00	0.000000000000000000e+00	3.780877163501932259e+00	0.000000000000000000e+00	0.000000000000000000e+00	0.000000000000000000e+00	0.000000000000000000e+00	4.200974626113258004e-01	0.000000000000000000e+00	3.150730969584943608e+01	0.000000000000000000e+00	0.000000000000000000e+00
7.561754327003864518e+00	6.970962988320353304e+01	6.156327896324735605e+01	1.050243656528314418e+01	3.780877163501932259e+00	2.058477566795496472e+01	3.486808939674003938e+01	1.890438581750965952e+01	1.218282641572844760e+01	3.780877163501932259e+00	0.000000000000000000e+00	7.981851789615189929e+00	5.766787708874852569e+01	1.176272895311712219e+01	4.411023357418920909e+01	3.780877163501932259e+00	2.814652999495882923e+01	1.176272895311712219e+01	2.520584775667954691e+00	4.200974626113258004e-01
1.890438581750965952e+01	1.428331372878507644e+01	6.840821271278430515e+01	2.394555536884557156e+01	0.000000000000000000e+00	6.721559401781212806e+00	3.822886909763064978e+01	3.360779700890606136e+01	0.000000000000000000e+00	0.000000000000000000e+00	7.981851789615189929e+00	0.000000000000000000e+00	0.000000000000000000e+00	7.141656864392538218e+00	1.764409342967568506e+01	5.461267013947235682e+00	1.134263149050579678e+01	4.200974626113257671e+00	7.141656864392538218e+00	9.343186206560515927e+01
4.200974626113257671e+00	3.347557302439147264e+01	9.662241640060493353e+00	4.200974626113257671e+00	5.041169551335909382e+00	8.146350919956181258e+01	1.302302134095110020e+01	1.890438581750965952e+01	4.048500590426942125e+01	0.000000000000000000e+00	5.766787708874852569e+01	0.000000000000000000e+00	0.000000000000000000e+00	2.604604268190220040e+01	3.108721223323810889e+01	2.940682238279280547e+00	2.646614014451352404e+01	3.780877163501932259e+00	0.000000000000000000e+00	1.680389850445303201e+00
1.932448328012098671e+01	2.226516551840026636e+01	4.200974626113257671e+00	1.974458074273231389e+01	2.940682238279280725e+01	9.549122459607653468e+01	6.301461939169887394e+00	1.050243656528314418e+01	4.116955133590992943e+01	0.000000000000000000e+00	1.176272895311712219e+01	7.141656864392538218e+00	2.604604268190220040e+01	0.000000000000000000e+00	4.158964879852125307e+01	1.638380104184170705e+01	6.301461939169887394e+00	3.360779700890606403e+00	1.344311880356242561e+01	4.006490844165809051e+01
1.218282641572844760e+01	5.305565463678279059e+01	9.041777989891424738e+01	1.050243656528314418e+01	1.470341119139640362e+01	3.318769954629473773e+01	1.174596669996212057e+02	3.066711477062678171e+01	1.011169907403647699e+02	0.000000000000000000e+00	4.411023357418920909e+01	1.764409342967568506e+01	3.108721223323810889e+01	4.158964879852125307e+01	0.000000000000000000e+00	1.218282641572844760e+01	2.394555536884557156e+01	3.360779700890606403e+00	7.141656864392538218e+00	6.721559401781212806e+00
4.200974626113257671e+00	4.060838025202516377e+01	2.520584775667954691e+00	8.125788528663557031e+01	2.730633506973617841e+01	6.721559401781212806e+00	1.260292387833977346e+00	3.780877163501932259e+00	3.586393381554483284e+01	4.200974626113258004e-01	3.780877163501932259e+00	5.461267013947235682e+00	2.940682238279280547e+00	1.638380104184170705e+01	1.218282641572844760e+01	0.000000000000000000e+00	4.200974626113257671e+00	1.722399596706435787e+01	1.218282641572844760e+01	1.344311880356242561e+01
1.470341119139640362e+01	1.512350865400772904e+01	1.344311880356242561e+01	1.134263149050579678e+01	4.621072088724583971e+00	1.344311880356242561e+01	2.898672492018148006e+01	6.324366881369265769e+01	6.301461939169887394e+00	0.000000000000000000e+00	2.814652999495882923e+01	1.134263149050579678e+01	2.646614014451352404e+01	6.301461939169887394e+00	2.394555536884557156e+01	4.200974626113257671e+00	0.000000000000000000e+00	4.621072088724583971e+00	8.822046714837842529e+00	5.881364476558561094e+00
0.000000000000000000e+00	4.621072088724583971e+00	2.520584775667954691e+00	3.486808939674003938e+01	3.780877163501932259e+00	0.000000000000000000e+00	1.260292387833977346e+00	0.000000000000000000e+00	2.520584775667954691e+00	3.150730969584943608e+01	1.176272895311712219e+01	4.200974626113257671e+00	3.780877163501932259e+00	3.360779700890606403e+00	3.360779700890606403e+00	1.722399596706435787e+01	4.621072088724583971e+00	0.000000000000000000e+00	6.301461939169887394e+00	1.176272895311712219e+01
8.391069404681812216e+01	1.386321626617375102e+01	5.702445643969326738e+01	2.436565283145689520e+01	7.504752254939502620e+01	5.881364476558561094e+00	2.226516551840026636e+01	4.621072088724583971e+00	0.000000000000000000e+00	0.000000000000000000e+00	2.520584775667954691e+00	7.141656864392538218e+00	0.000000000000000000e+00	1.344311880356242561e+01	7.141656864392538218e+00	1.218282641572844760e+01	8.822046714837842529e+00	6.301461939169887394e+00	0.000000000000000000e+00	1.134263149050579678e+01
1.974458074273231389e+01	0.000000000000000000e+00	7.981851789615189929e+00	7.198346596336000403e+01	8.401949252226515341e+00	9.662241640060493353e+00	1.050243656528314418e+01	8.401949252226515341e+00	4.621072088724583971e+00	0.000000000000000000e+00	4.200974626113258004e-01	9.343186206560515927e+01	1.680389850445303201e+00	4.006490844165809051e+01	6.721559401781212806e+00	1.344311880356242561e+01	5.881364476558561094e+00	1.176272895311712219e+01	1.134263149050579678e+01	0.000000000000000000e+00
