0.000000000000000000e+00	2.206493666193478020e+01	2.465733364001038197e+01	2.345795636223437697e+01	2.355665376219043949e+01	2.452334354531511451e+01	2.195375181957781052e+01	2.401377386557334859e+01	2.148582620163764290e+01	2.129200520742826797e+01	2.490351663444716124e+01	2.285833602290442812e+01	2.328610661019340355e+01	2.207573857120465277e+01	2.511444011224365980e+01	1.895599798437054773e+01	2.262754687967610323e+01	2.039231006554323500e+01	2.725747466743677805e+01	2.452858373490053268e+01
2.206493666193478020e+01	0.000000000000000000e+00	2.596932559432232779e+01	2.181437406281748181e+01	2.586306465698846324e+01	2.440720926944840841e+01	2.649963301958009509e+01	2.542449612529375358e+01	2.106222611139078893e+01	1.897590094706573538e+01	2.570164751363024891e+01	2.419370646109780765e+01	2.512373217538517167e+01	2.114915840982141049e+01	2.550614131053881550e+01	2.438447988159446922e+01	2.325256243211662621e+01	2.337210971254934577e+01	2.500849220194077560e+01	2.477221538624949204e+01
2.465733364001038197e+01	2.596932559432232779e+01	0.000000000000000000e+00	2.485484361570565071e+01	2.680916665397132803e+01	2.808365063943870510e+01	2.410761559428197032e+01	2.974728753402439452e+01	2.443663168299888966e+01	2.114468212145625614e+01	2.742763286040293380e+01	2.882873645237145155e+01	2.269382376971120507e+01	2.356968537656882390e+01	2.483781445621686146e+01	2.402000176582819435e+01	2.598620117163527610e+01	2.370805756759914473e+01	2.752174648325253514e+01	2.882783319482042117e+01
2.345795636223437697e+01	2.181437406281748181e+01	2.485484361570565071e+01	0.000000000000000000e+00	2.438080214091194264e+01	2.714121465281439072e+01	2.272509988210868315e+01	2.387888483932993822e+01	2.202097415434798222e+01	1.909493873013437693e+01	2.216231123441451345e+01	2.459948097114533638e+01	2.149696326130048618e+01	2.280571492313154280e+01	2.318022921872470121e+01	2.271730392723748082e+01	2.272065519227205144e+01	2.320474757703854962e+01	2.576429493197295173e+01	2.536077725423485774e+01
2.355665376219043949e+01	2.586306465698846324e+01	2.680916665397132803e+01	2.438080214091194264e+01	0.000000000000000000e+00	2.748946338300181225e+01	2.280793017941659073e+01	2.570150360152367597e+01	2.355266823413719735e+01	1.917638342758989367e+01	2.290733151232114650e+01	2.286942966877453998e+01	2.478210179043679062e+01	1.980965568183614423e+01	2.318548781416332005e+01	2.301548515150478380e+01	2.499761308398916171e+01	2.134303821883429464e+01	2.658321904069528685e+01	2.526180924266290972e+01
2.452334354531511451e+01	2.440720926944840841e+01	2.808365063943870510e+01	2.714121465281439072e+01	2.748946338300181225e+01	0.000000000000000000e+00	2.625226519478814780e+01	2.584701760356429290e+01	2.381239144119271600e+01	2.120855761249604043e+01	2.740094516286089643e+01	2.372562130605633612e+01	2.801389551355864427e+01	2.342429606566317091e+01	2.764447372172293882e+01	2.236581012531774704e+01	2.462695373090830486e+01	2.444324201956403186e+01	2.834345865162673306e+01	2.577663890738065078e+01
2.195375181957781052e+01	2.649963301958009509e+01	2.410761559428197032e+01	2.272509988210868315e+01	2.280793017941659073e+01	2.625226519478814780e+01	0.000000000000000000e+00	2.428669846353815487e+01	2.068445900960168160e+01	1.868195174488290888e+01	2.132693159998047960e+01	2.560133938490223215e+01	2.124066470138291507e+01	2.110028604111321471e+01	2.614341244926587748e+01	2.247015581408629714e+01	2.075958799390223675e+01	2.156187417455667443e+01	2.583827345204660020e+01	2.224172605394850422e+01
2.401377386557334859e+01	2.542449612529375358e+01	2.974728753402439452e+01	2.387888483932993822e+01	2.570150360152367597e+01	2.584701760356429290e+01	2.428669846353815487e+01	0.000000000000000000e+00	2.111367807622803738e+01	1.982566235925444786e+01	2.440904389412460418e+01	2.703004319558770518e+01	2.430284287724865422e+01	2.178731007510602780e+01	2.615301648207971041e+01	2.544125898200484315e+01	2.316947995845510988e+01	2.189512984905162440e+01	2.726637813020795420e+01	2.564028293630672906e+01
2.148582620163764290e+01	2.106222611139078893e+01	2.443663168299888966e+01	2.202097415434798222e+01	2.355266823413719735e+01	2.381239144119271600e+01	2.068445900960168160e+01	2.111367807622803738e+01	0.000000000000000000e+00	2.221792232743638706e+01	2.538555165667218816e+01	2.271862673112971009e+01	2.263061805455442865e+01	2.178238600024158345e+01	2.476406630205797654e+01	2.007219762977430477e+01	2.233003844658231429e+01	1.894770477274912324e+01	2.531858853737653092e+01	2.345151966882298211e+01
2.129200520742826797e+01	1.897590094706573538e+01	2.114468212145625614e+01	1.909493873013437693e+01	1.917638342758989367e+01	2.120855761249604043e+01	1.868195174488290888e+01	1.982566235925444786e+01	2.221792232743638706e+01	0.000000000000000000e+00	2.084413880330827595e+01	1.860853873142411885e+01	1.934892048697953371e+01	1.945403939961540729e+01	1.984203227346357679e+01	1.956960771081224948e+01	1.950656117203940099e+01	2.040276897774007381e+01	1.936050098682545340e+01	2.189093177771913190e+01
2.490351663444716124e+01	2.570164751363024891e+01	2.742763286040293380e+01	2.216231123441451345e+01	2.290733151232114650e+01	2.740094516286089643e+01	2.132693159998047960e+01	2.440904389412460418e+01	2.538555165667218816e+01	2.084413880330827595e+01	0.000000000000000000e+00	2.535436492722874746e+01	2.603313457799655595e+01	2.213824225067737927e+01	2.413624724754714990e+01	2.093583134121743328e+01	2.304536756784593976e+01	2.085897115397342816e+01	2.600884194026887997e+01	2.409438196320223113e+01
2.285833602290442812e+01	2.419370646109780765e+01	2.882873645237145155e+01	2.459948097114533638e+01	2.286942966877453998e+01	2.372562130605633612e+01	2.560133938490223215e+01	2.703004319558770518e+01	2.271862673112971009e+01	1.860853873142411885e+01	2.535436492722874746e+01	0.000000000000000000e+00	2.237352047036418767e+01	2.109151637875368124e+01	2.646285575183109273e+01	2.263321487723416681e+01	2.226463561507371125e+01	1.905465534945440709e+01	2.562153503601129501e+01	2.571769636797811387e+01
2.328610661019340355e+01	2.512373217538517167e+01	2.269382376971120507e+01	2.149696326130048618e+01	2.478210179043679062e+01	2.801389551355864427e+01	2.124066470138291507e+01	2.430284287724865422e+01	2.263061805455442865e+01	1.934892048697953371e+01	2.603313457799655595e+01	2.237352047036418767e+01	0.000000000000000000e+00	2.142091044848196546e+01	2.754733097180569601e+01	2.147231232856526262e+01	2.334680541286969202e+01	2.085616932973767490e+01	2.762172003786102792e+01	2.326624569933535724e+01
2.207573857120465277e+01	2.114915840982141049e+01	2.356968537656882390e+01	2.280571492313154280e+01	1.980965568183614423e+01	2.342429606566317091e+01	2.110028604111321471e+01	2.178731007510602780e+01	2.178238600024158345e+01	1.945403939961540729e+01	2.213824225067737927e+01	2.109151637875368124e+01	2.142091044848196546e+01	0.000000000000000000e+00	2.329913917230404508e+01	1.842989601594730331e+01	2.156572460211669195e+01	2.075355485800659849e+01	2.495048752073037690e+01	2.441172101376522718e+01
2.511444011224365980e+01	2.550614131053881550e+01	2.483781445621686146e+01	2.318022921872470121e+01	2.318548781416332005e+01	2.764447372172293882e+01	2.614341244926587748e+01	2.615301648207971041e+01	2.476406630205797654e+01	1.984203227346357679e+01	2.413624724754714990e+01	2.646285575183109273e+01	2.754733097180569601e+01	2.329913917230404508e+01	0.000000000000000000e+00	2.272437737326710661e+01	2.429547112987839697e+01	2.108097414393758129e+01	2.625537596938850982e+01	2.498888678874854108e+01
1.895599798437054773e+01	2.438447988159446922e+01	2.402000176582819435e+01	2.271730392723748082e+01	2.301548515150478380e+01	2.236581012531774704e+01	2.247015581408629714e+01	2.544125898200484315e+01	2.007219762977430477e+01	1.956960771081224948e+01	2.093583134121743328e+01	2.263321487723416681e+01	2.147231232856526262e+01	1.842989601594730331e+01	2.272437737326710661e+01	0.000000000000000000e+00	2.183815425638725927e+01	1.948964634185137612e+01	2.261672344314801109e+01	2.208130322901779152e+01
2.262754687967610323e+01	2.325256243211662621e+01	2.598620117163527610e+01	2.272065519227205144e+01	2.499761308398916171e+01	2.462695373090830486e+01	2.075958799390223675e+01	2.316947995845510988e+01	2.233003844658231429e+01	1.950656117203940099e+01	2.304536756784593976e+01	2.226463561507371125e+01	2.334680541286969202e+01	2.156572460211669195e+01	2.429547112987839697e+01	2.183815425638725927e+01	0.000000000000000000e+00	2.223420522691104750e+01	2.322251632344422134e+01	2.320553479651324835e+01
2.039231006554323500e+01	2.337210971254934577e+01	2.370805756759914473e+01	2.320474757703854962e+01	2.134303821883429464e+01	2.444324201956403186e+01	2.156187417455667443e+01	2.189512984905162440e+01	1.894770477274912324e+01	2.040276897774007381e+01	2.085897115397342816e+01	1.905465534945440709e+01	2.085616932973767490e+01	2.075355485800659849e+01	2.108097414393758129e+01	1.948964634185137612e+01	2.223420522691104750e+01	0.000000000000000000e+00	2.276437360641704188e+01	2.319772690626503220e+01
2.725747466743677805e+01	2.500849220194077560e+01	2.752174648325253514e+01	2.576429493197295173e+01	2.658321904069528685e+01	2.834345865162673306e+01	2.583827345204660020e+01	2.726637813020795420e+01	2.531858853737653092e+01	1.936050098682545340e+01	2.600884194026887997e+01	2.562153503601129501e+01	2.762172003786102792e+01	2.495048752073037690e+01	2.625537596938850982e+01	2.261672344314801109e+01	2.322251632344422134e+01	2.276437360641704188e+01	0.000000000000000000e+00	2.649367973366197759e+01
2.452858373490053268e+01	2.477221538624949204e+01	2.882783319482042117e+01	2.536077725423485774e+01	2.526180924266290972e+01	2.577663890738065078e+01	2.224172605394850422e+01	2.564028293630672906e+01	2.345151966882298211e+01	2.189093177771913190e+01	2.409438196320223113e+01	2.571769636797811387e+01	2.326624569933535724e+01	2.441172101376522718e+01	2.498888678874854108e+01	2.208130322901779152e+01	2.320553479651324835e+01	2.319772690626503220e+01	2.649367973366197759e+01	0.000000000000000000e+00
