0.000000000000000000e+00	2.329046711090133215e+01	2.440908925436054133e+01	2.588336075682335391e+01	2.542794628437921745e+01	2.803958202245668474e+01	3.108615641836768617e+01	2.268502268385746490e+01	2.271440109211866343e+01	2.306437463206080452e+01	2.189650101342977706e+01	2.110245450571853709e+01	2.697046015127880381e+01	2.084821977441523799e+01	2.494443536020697749e+01	2.251788380405190537e+01	2.301394638139914406e+01	3.094395940427257230e+01	2.405900431951287644e+01	2.396662621397882731e+01
2.329046711090133215e+01	0.000000000000000000e+00	2.353959036338242683e+01	2.244924787458998239e+01	1.846974913180442002e+01	2.418903429851556908e+01	2.525628119790125581e+01	1.916069583026879997e+01	2.154400936115612097e+01	2.366329949346761907e+01	1.719550660229106853e+01	1.816902706703409720e+01	2.227474799417640483e+01	1.809775818420909133e+01	2.399173573419109928e+01	2.013629504158352646e+01	1.618518113450797102e+01	2.180162458900040789e+01	2.330509751064803581e+01	2.104988812817659039e+01
2.440908925436054133e+01	2.353959036338242683e+01	0.000000000000000000e+00	2.855927425982414647e+01	2.200671924003740898e+01	2.902890966243625215e+01	2.482232486825897055e+01	2.343996265214588703e+01	2.726470339308678348e+01	2.777887040553870790e+01	2.308868736223445950e+01	2.211823921661432379e+01	2.752630146021207835e+01	1.875802472444299340e+01	2.843076064182953644e+01	2.561784000203665457e+01	2.082065773604231396e+01	3.320205015667825421e+01	3.042629584332118498e+01	2.504328607484110236e+01
2.588336075682335391e+01	2.244924787458998239e+01	2.855927425982414647e+01	0.000000000000000000e+00	2.296766204430696590e+01	2.880075861099856382e+01	2.548566372761576204e+01	2.445418712841226849e+01	2.174161182324338881e+01	2.222324078335650555e+01	2.310369230174044475e+01	2.269644957613956038e+01	3.125954977451522510e+01	1.941725189139103946e+01	2.323907129498695312e+01	2.228445011803955467e+01	1.668255167568677066e+01	2.967789950666766785e+01	2.759279071371745573e+01	2.302343192931352434e+01
2.542794628437921745e+01	1.846974913180442002e+01	2.200671924003740898e+01	2.296766204430696590e+01	0.000000000000000000e+00	2.609699548451626683e+01	2.404311175666928335e+01	2.038139820312520811e+01	2.331562243184826499e+01	2.086802724715500545e+01	2.337787113981717013e+01	2.134220981905304981e+01	2.675401738383817474e+01	1.977259307297654800e+01	2.531365595223523357e+01	1.659527883511265145e+01	1.874749980324276066e+01	2.565845863304658536e+01	2.494213382382422850e+01	2.257666041401049029e+01
2.803958202245668474e+01	2.418903429851556908e+01	2.902890966243625215e+01	2.880075861099856382e+01	2.609699548451626683e+01	0.000000000000000000e+00	3.092894824066998538e+01	2.739051456443050370e+01	2.587135709657745863e+01	2.483483693456158292e+01	2.183639664620343623e+01	2.801232388498725356e+01	3.085427752129280066e+01	2.111182865872740066e+01	2.881886072821723133e+01	2.344407434455462891e+01	2.479959061248228736e+01	3.164059120124837676e+01	2.790692681587225010e+01	2.772392216916055574e+01
3.108615641836768617e+01	2.525628119790125581e+01	2.482232486825897055e+01	2.548566372761576204e+01	2.404311175666928335e+01	3.092894824066998538e+01	0.000000000000000000e+00	2.052749345439257667e+01	2.370465671047855949e+01	2.135580084551390101e+01	2.230406081850107469e+01	2.267011747970278535e+01	2.670839904630921069e+01	1.921427557379812967e+01	2.614093018393297641e+01	2.193642413632739974e+01	1.741834977293232711e+01	2.961300929625942757e+01	2.519141427194551142e+01	2.497801084848397224e+01
2.268502268385746490e+01	1.916069583026879997e+01	2.343996265214588703e+01	2.445418712841226849e+01	2.038139820312520811e+01	2.739051456443050370e+01	2.052749345439257667e+01	0.000000000000000000e+00	2.063483614438989378e+01	2.198580679984093678e+01	2.082416942092501699e+01	2.239148463061877692e+01	2.324749146231701147e+01	1.681093799422227519e+01	2.071383979941186126e+01	2.111326159703839878e+01	1.828819642820092284e+01	2.420854566149209575e+01	2.192945125505259441e+01	2.465616093674574216e+01
2.271440109211866343e+01	2.154400936115612097e+01	2.726470339308678348e+01	2.174161182324338881e+01	2.331562243184826499e+01	2.587135709657745863e+01	2.370465671047855949e+01	2.063483614438989378e+01	0.000000000000000000e+00	2.451632054945233818e+01	2.036340710027371514e+01	2.269415425361908589e+01	2.630882626690476300e+01	1.825857543669248884e+01	2.539443017641081113e+01	2.170185947555987127e+01	1.871379312662404715e+01	2.426405316981521665e+01	2.810903569433642346e+01	2.178690258778437894e+01
2.306437463206080452e+01	2.366329949346761907e+01	2.777887040553870790e+01	2.222324078335650555e+01	2.086802724715500545e+01	2.483483693456158292e+01	2.135580084551390101e+01	2.198580679984093678e+01	2.451632054945233818e+01	0.000000000000000000e+00	2.422915303788911956e+01	2.308441847418553294e+01	2.692836668034015091e+01	1.890210682330951997e+01	2.370993663244157901e+01	2.069874402660688162e+01	1.857486209345211847e+01	2.648992994476012441e+01	2.671584543452427596e+01	2.182173829471695825e+01
2.189650101342977706e+01	1.719550660229106853e+01	2.308868736223445950e+01	2.310369230174044475e+01	2.337787113981717013e+01	2.183639664620343623e+01	2.230406081850107469e+01	2.082416942092501699e+01	2.036340710027371514e+01	2.422915303788911956e+01	0.000000000000000000e+00	2.086064374049915315e+01	2.765494782021703202e+01	1.606963485312936868e+01	2.161485522553146055e+01	1.814926539502899416e+01	1.633257813574462602e+01	2.135706300861079399e+01	2.487285829996387676e+01	2.375436734484638635e+01
2.110245450571853709e+01	1.816902706703409720e+01	2.211823921661432379e+01	2.269644957613956038e+01	2.134220981905304981e+01	2.801232388498725356e+01	2.267011747970278535e+01	2.239148463061877692e+01	2.269415425361908589e+01	2.308441847418553294e+01	2.086064374049915315e+01	0.000000000000000000e+00	2.651443555832941001e+01	1.497718761046674629e+01	2.311930192629408154e+01	2.087746699433472131e+01	1.619364710257269735e+01	2.562058824942220170e+01	2.124868094532762797e+01	2.449588005229316323e+01
2.697046015127880381e+01	2.227474799417640483e+01	2.752630146021207835e+01	3.125954977451522510e+01	2.675401738383817474e+01	3.085427752129280066e+01	2.670839904630921069e+01	2.324749146231701147e+01	2.630882626690476300e+01	2.692836668034015091e+01	2.765494782021703202e+01	2.651443555832941001e+01	0.000000000000000000e+00	2.070634761046213157e+01	2.929731218816420579e+01	2.546923675141698595e+01	1.891578945123969291e+01	3.136326010213365478e+01	3.137369342186455867e+01	2.681268921061982979e+01
2.084821977441523799e+01	1.809775818420909133e+01	1.875802472444299340e+01	1.941725189139103946e+01	1.977259307297654800e+01	2.111182865872740066e+01	1.921427557379812967e+01	1.681093799422227519e+01	1.825857543669248884e+01	1.890210682330951997e+01	1.606963485312936868e+01	1.497718761046674629e+01	2.070634761046213157e+01	0.000000000000000000e+00	1.836174084011020469e+01	1.543567440203377217e+01	1.702536099753347543e+01	2.182817326138594893e+01	2.483392914039012211e+01	1.658172739552419017e+01
2.494443536020697749e+01	2.399173573419109928e+01	2.843076064182953644e+01	2.323907129498695312e+01	2.531365595223523357e+01	2.881886072821723133e+01	2.614093018393297641e+01	2.071383979941186126e+01	2.539443017641081113e+01	2.370993663244157901e+01	2.161485522553146055e+01	2.311930192629408154e+01	2.929731218816420579e+01	1.836174084011020469e+01	0.000000000000000000e+00	2.263039735318000822e+01	2.117617590670419858e+01	2.978361793176768302e+01	2.689158147073627703e+01	2.453879711630152372e+01
2.251788380405190537e+01	2.013629504158352646e+01	2.561784000203665457e+01	2.228445011803955467e+01	1.659527883511265145e+01	2.344407434455462891e+01	2.193642413632739974e+01	2.111326159703839878e+01	2.170185947555987127e+01	2.069874402660688162e+01	1.814926539502899416e+01	2.087746699433472131e+01	2.546923675141698595e+01	1.543567440203377217e+01	2.263039735318000822e+01	0.000000000000000000e+00	1.599609044122008683e+01	2.123407033901712282e+01	2.268847845502628857e+01	1.907448215641672462e+01
2.301394638139914406e+01	1.618518113450797102e+01	2.082065773604231396e+01	1.668255167568677066e+01	1.874749980324276066e+01	2.479959061248228736e+01	1.741834977293232711e+01	1.828819642820092284e+01	1.871379312662404715e+01	1.857486209345211847e+01	1.633257813574462602e+01	1.619364710257269735e+01	1.891578945123969291e+01	1.702536099753347543e+01	2.117617590670419858e+01	1.599609044122008683e+01	0.000000000000000000e+00	2.262290516423027853e+01	1.770337605737162789e+01	1.863087456170591238e+01
3.094395940427257230e+01	2.180162458900040789e+01	3.320205015667825421e+01	2.967789950666766785e+01	2.565845863304658536e+01	3.164059120124837676e+01	2.961300929625942757e+01	2.420854566149209575e+01	2.426405316981521665e+01	2.648992994476012441e+01	2.135706300861079399e+01	2.562058824942220170e+01	3.136326010213365478e+01	2.182817326138594893e+01	2.978361793176768302e+01	2.123407033901712282e+01	2.262290516423027853e+01	0.000000000000000000e+00	2.737392804714322736e+01	2.556064107783603845e+01
2.405900431951287644e+01	2.330509751064803581e+01	3.042629584332118498e+01	2.759279071371745573e+01	2.494213382382422850e+01	2.790692681587225010e+01	2.519141427194551142e+01	2.192945125505259441e+01	2.810903569433642346e+01	2.671584543452427596e+01	2.487285829996387676e+01	2.124868094532762797e+01	3.137369342186455867e+01	2.483392914039012211e+01	2.689158147073627703e+01	2.268847845502628857e+01	1.770337605737162789e+01	2.737392804714322736e+01	0.000000000000000000e+00	2.263035155244534380e+01
2.396662621397882731e+01	2.104988812817659039e+01	2.504328607484110236e+01	2.302343192931352434e+01	2.257666041401049029e+01	2.772392216916055574e+01	2.497801084848397224e+01	2.465616093674574216e+01	2.178690258778437894e+01	2.182173829471695825e+01	2.375436734484638635e+01	2.449588005229316323e+01	2.681268921061982979e+01	1.658172739552419017e+01	2.453879711630152372e+01	1.907448215641672462e+01	1.863087456170591238e+01	2.556064107783603845e+01	2.263035155244534380e+01	0.000000000000000000e+00
