0.000000000000000000e+00	2.057675057406298080e+01	2.547206206315109256e+01	2.203912978820567048e+01	2.194051600399757262e+01	1.972186567958175019e+01	2.274108665102463078e+01	2.260161582246687928e+01	2.255888817617883291e+01	1.821615262892938247e+01	1.848216038518225801e+01	2.641193306794333040e+01	2.473587991957563759e+01	1.867633196274519847e+01	2.369745980276694297e+01	2.290863319191286607e+01	2.351963299672734209e+01	2.131598527911564034e+01	2.005812467879471583e+01	2.142109544322926240e+01
2.057675057406298080e+01	0.000000000000000000e+00	2.746428878819722996e+01	2.422257390615310158e+01	2.364722713349696903e+01	2.456038166412134061e+01	2.312033014316061497e+01	2.521048226836272121e+01	2.165713935160099268e+01	2.045201558668479791e+01	2.095469275607409543e+01	2.505831220486519939e+01	2.135946138312748843e+01	2.027064194185743773e+01	2.350340318911914395e+01	2.477676452926374040e+01	2.435518395287476423e+01	2.407643652965288084e+01	2.333718725263343785e+01	2.843790750156914982e+01
2.547206206315109256e+01	2.746428878819722996e+01	0.000000000000000000e+00	2.761393039411262507e+01	2.638005114551451058e+01	2.359926959969740778e+01	2.805316183780493944e+01	2.860107918214242417e+01	2.450878934919630225e+01	2.339303989417797069e+01	2.401352031054792491e+01	2.809800100840047321e+01	2.930185958392910095e+01	2.258519609208166301e+01	2.815803309938152310e+01	2.900430827245110166e+01	2.875839071996898255e+01	2.910532347920482721e+01	2.661168843011686391e+01	2.803376441380006412e+01
2.203912978820567048e+01	2.422257390615310158e+01	2.761393039411262507e+01	0.000000000000000000e+00	2.200908250673031930e+01	2.226713099339057322e+01	2.175173786647109964e+01	2.362311326906268505e+01	2.190267181144938036e+01	1.971895938335969944e+01	2.120717980161662197e+01	2.400965616141321135e+01	2.289228363452629367e+01	2.130284385877095588e+01	2.335817485219592982e+01	2.247848476847160981e+01	2.335451866404023136e+01	2.129988366155848567e+01	2.233624765773646104e+01	2.498099046107261145e+01
2.194051600399757262e+01	2.364722713349696903e+01	2.638005114551451058e+01	2.200908250673031930e+01	0.000000000000000000e+00	2.208985991591985965e+01	2.539090946954869565e+01	2.527120872175830257e+01	2.014538742108492997e+01	2.233304141896045181e+01	2.278564408445370049e+01	2.457798746238954735e+01	1.858860564853715758e+01	2.212130649914128000e+01	2.602859463526040784e+01	2.239638271049704699e+01	2.201888175832684880e+01	2.366667551324048802e+01	1.995693025015461330e+01	2.377785955788247207e+01
1.972186567958175019e+01	2.456038166412134061e+01	2.359926959969740778e+01	2.226713099339057322e+01	2.208985991591985965e+01	0.000000000000000000e+00	2.164916446518382998e+01	2.282938514790025053e+01	2.267649855908388190e+01	1.969368509436480963e+01	2.167032983067982954e+01	2.466658852836606641e+01	2.194471901553907855e+01	2.129358361100019792e+01	2.561021495124743907e+01	2.217253599444589085e+01	2.672127362497331760e+01	2.443012727021442387e+01	2.007378610506362193e+01	2.634319039134667761e+01
2.274108665102463078e+01	2.312033014316061497e+01	2.805316183780493944e+01	2.175173786647109964e+01	2.539090946954869565e+01	2.164916446518382998e+01	0.000000000000000000e+00	2.377127820774284217e+01	2.548962617109813777e+01	2.148042163895822299e+01	2.151508634587843005e+01	2.429188659218328539e+01	2.388106709230744684e+01	1.940332453735681995e+01	2.530187544272265754e+01	2.301841220681940214e+01	2.518228831354069186e+01	2.418796390208250813e+01	2.187148328870170388e+01	2.825460544882659875e+01
2.260161582246687928e+01	2.521048226836272121e+01	2.860107918214242417e+01	2.362311326906268505e+01	2.527120872175830257e+01	2.282938514790025053e+01	2.377127820774284217e+01	0.000000000000000000e+00	2.464628041413206816e+01	2.277915137548361812e+01	2.352707423223667504e+01	2.738885419239753460e+01	2.412443538223969952e+01	2.100223824147768781e+01	2.742831553058889682e+01	2.801377354863371494e+01	2.374600449011692760e+01	2.455860596623897862e+01	2.160059790643271427e+01	2.649397205220892815e+01
2.255888817617883291e+01	2.165713935160099268e+01	2.450878934919630225e+01	2.190267181144938036e+01	2.014538742108492997e+01	2.267649855908388190e+01	2.548962617109813777e+01	2.464628041413206816e+01	0.000000000000000000e+00	2.017408794188055410e+01	2.329816534683417828e+01	2.430971120141764175e+01	2.321328477628301812e+01	2.044207100180484815e+01	2.538036656999518570e+01	2.558073431867255110e+01	2.509396176181914484e+01	2.069408770033330924e+01	2.057717985469416888e+01	2.416439305319083175e+01
1.821615262892938247e+01	2.045201558668479791e+01	2.339303989417797069e+01	1.971895938335969944e+01	2.233304141896045181e+01	1.969368509436480963e+01	2.148042163895822299e+01	2.277915137548361812e+01	2.017408794188055410e+01	0.000000000000000000e+00	2.088708141713417987e+01	2.348541397949301057e+01	1.905905420965450858e+01	1.877191706684419259e+01	2.189125301761794162e+01	2.028980924040888212e+01	2.087278639902467248e+01	1.874325519963023012e+01	2.200355250451163514e+01	2.256392837839567633e+01
1.848216038518225801e+01	2.095469275607409543e+01	2.401352031054792491e+01	2.120717980161662197e+01	2.278564408445370049e+01	2.167032983067982954e+01	2.151508634587843005e+01	2.352707423223667504e+01	2.329816534683417828e+01	2.088708141713417987e+01	0.000000000000000000e+00	2.488448182758609661e+01	2.155134156143746793e+01	2.048205202784868106e+01	2.128745337648782865e+01	2.231295241138123231e+01	2.379887061056245301e+01	2.120708638558105363e+01	1.939947792689082107e+01	2.362155800182971532e+01
2.641193306794333040e+01	2.505831220486519939e+01	2.809800100840047321e+01	2.400965616141321135e+01	2.457798746238954735e+01	2.466658852836606641e+01	2.429188659218328539e+01	2.738885419239753460e+01	2.430971120141764175e+01	2.348541397949301057e+01	2.488448182758609661e+01	0.000000000000000000e+00	2.752027946445372208e+01	2.339392547410816903e+01	2.674849797393050821e+01	2.968538055313111457e+01	2.641503395587286107e+01	2.625137214207162373e+01	2.500777877016594530e+01	2.651561782949508128e+01
2.473587991957563759e+01	2.135946138312748843e+01	2.930185958392910095e+01	2.289228363452629367e+01	1.858860564853715758e+01	2.194471901553907855e+01	2.388106709230744684e+01	2.412443538223969952e+01	2.321328477628301812e+01	1.905905420965450858e+01	2.155134156143746793e+01	2.752027946445372208e+01	0.000000000000000000e+00	2.106170147596179021e+01	2.741935880526251168e+01	2.525651906414059411e+01	2.359289638021760993e+01	2.579970183791763105e+01	2.385174854790859555e+01	2.580570781520127355e+01
1.867633196274519847e+01	2.027064194185743773e+01	2.258519609208166301e+01	2.130284385877095588e+01	2.212130649914128000e+01	2.129358361100019792e+01	1.940332453735681995e+01	2.100223824147768781e+01	2.044207100180484815e+01	1.877191706684419259e+01	2.048205202784868106e+01	2.339392547410816903e+01	2.106170147596179021e+01	0.000000000000000000e+00	2.079121195019562407e+01	2.106296829876976417e+01	1.841487122035510993e+01	1.776537636769310780e+01	1.912311494302711168e+01	2.251746262828615031e+01
2.369745980276694297e+01	2.350340318911914395e+01	2.815803309938152310e+01	2.335817485219592982e+01	2.602859463526040784e+01	2.561021495124743907e+01	2.530187544272265754e+01	2.742831553058889682e+01	2.538036656999518570e+01	2.189125301761794162e+01	2.128745337648782865e+01	2.674849797393050821e+01	2.741935880526251168e+01	2.079121195019562407e+01	0.000000000000000000e+00	2.293661761587105730e+01	2.922192118409867589e+01	2.353771785977134812e+01	2.237081687597087054e+01	2.746683509751191465e+01
2.290863319191286607e+01	2.477676452926374040e+01	2.900430827245110166e+01	2.247848476847160981e+01	2.239638271049704699e+01	2.217253599444589085e+01	2.301841220681940214e+01	2.801377354863371494e+01	2.558073431867255110e+01	2.028980924040888212e+01	2.231295241138123231e+01	2.968538055313111457e+01	2.525651906414059411e+01	2.106296829876976417e+01	2.293661761587105730e+01	0.000000000000000000e+00	2.542131071920333341e+01	2.652901151267812807e+01	2.287825267546343611e+01	2.778272645267659868e+01
2.351963299672734209e+01	2.435518395287476423e+01	2.875839071996898255e+01	2.335451866404023136e+01	2.201888175832684880e+01	2.672127362497331760e+01	2.518228831354069186e+01	2.374600449011692760e+01	2.509396176181914484e+01	2.087278639902467248e+01	2.379887061056245301e+01	2.641503395587286107e+01	2.359289638021760993e+01	1.841487122035510993e+01	2.922192118409867589e+01	2.542131071920333341e+01	0.000000000000000000e+00	2.187701485982038463e+01	2.278828954065179602e+01	2.991472521965437537e+01
2.131598527911564034e+01	2.407643652965288084e+01	2.910532347920482721e+01	2.129988366155848567e+01	2.366667551324048802e+01	2.443012727021442387e+01	2.418796390208250813e+01	2.455860596623897862e+01	2.069408770033330924e+01	1.874325519963023012e+01	2.120708638558105363e+01	2.625137214207162373e+01	2.579970183791763105e+01	1.776537636769310780e+01	2.353771785977134812e+01	2.652901151267812807e+01	2.187701485982038463e+01	0.000000000000000000e+00	2.003499666985125671e+01	2.658840098029838117e+01
2.005812467879471583e+01	2.333718725263343785e+01	2.661168843011686391e+01	2.233624765773646104e+01	1.995693025015461330e+01	2.007378610506362193e+01	2.187148328870170388e+01	2.160059790643271427e+01	2.057717985469416888e+01	2.200355250451163514e+01	1.939947792689082107e+01	2.500777877016594530e+01	2.385174854790859555e+01	1.912311494302711168e+01	2.237081687597087054e+01	2.287825267546343611e+01	2.278828954065179602e+01	2.003499666985125671e+01	0.000000000000000000e+00	2.413094669493137090e+01
2.142109544322926240e+01	2.843790750156914982e+01	2.803376441380006412e+01	2.498099046107261145e+01	2.377785955788247207e+01	2.634319039134667761e+01	2.825460544882659875e+01	2.649397205220892815e+01	2.416439305319083175e+01	2.256392837839567633e+01	2.362155800182971532e+01	2.651561782949508128e+01	2.580570781520127355e+01	2.251746262828615031e+01	2.746683509751191465e+01	2.778272645267659868e+01	2.991472521965437537e+01	2.658840098029838117e+01	2.413094669493137090e+01	0.000000000000000000e+00
