0.000000000000000000e+00	5.510312755867051493e+01	1.929625425652667303e+01	1.215049436767181845e+01	1.589103291713961319e+01	6.487387068166486870e+01	2.185017026106696747e+01	1.503972758229284779e+01	3.987622290686990567e+01	1.418842224744608416e+01	5.828263537306292363e+01	1.872871736662883180e+01	2.185017026106696747e+01	1.560726447219069257e+01	3.093076049943246275e+01	1.600714275704816814e+01	1.418842224744608416e+01	2.213393870601588986e+01	2.099886492622020384e+01	2.099886492622020384e+01
5.510312755867051493e+01	0.000000000000000000e+00	1.816118047673098701e+01	8.796821793416571111e+00	1.049943246311010192e+01	2.780930760499432353e+01	1.844494892167990940e+01	1.135073779795686733e+01	1.305334846765039636e+01	1.390465380249716176e+01	5.158179637937488593e+01	1.333711691259931875e+01	1.901248581157775064e+01	1.191827468785471034e+01	5.924354439299577280e+01	1.106696935300794493e+01	1.248581157775255335e+01	1.560726447219069257e+01	1.787741203178206462e+01	1.929625425652667303e+01
1.929625425652667303e+01	1.816118047673098701e+01	0.000000000000000000e+00	1.390465380249716176e+01	1.787741203178206462e+01	3.007945516458569557e+01	1.929625425652667303e+01	4.112740652657414842e+01	1.362088535754823937e+01	2.742894778460424021e+01	1.958002270147559543e+01	1.787741203178206462e+01	6.367423582709243846e+01	1.078320090805902431e+01	2.610669693530079272e+01	1.220204313280363273e+01	2.185017026106696747e+01	2.213393870601588986e+01	2.866061293984108715e+01	2.383654937570942067e+01
1.215049436767181845e+01	8.796821793416571111e+00	1.390465380249716176e+01	0.000000000000000000e+00	8.513053348467650494e+00	1.617480136208853381e+01	1.106696935300794493e+01	1.226009805275790931e+01	8.229284903518728100e+00	1.220204313280363273e+01	1.021566401816117953e+01	1.106696935300794493e+01	4.402314589601763828e+01	6.526674233825198179e+00	1.503972758229284779e+01	7.661748013620885089e+00	1.248581157775255335e+01	4.584837256044217924e+01	1.191827468785471034e+01	1.816118047673098701e+01
1.589103291713961319e+01	1.049943246311010192e+01	1.787741203178206462e+01	8.513053348467650494e+00	0.000000000000000000e+00	5.658002470336939638e+01	1.248581157775255335e+01	1.163450624290578794e+01	1.220204313280363273e+01	1.617480136208853381e+01	1.390465380249716176e+01	1.305334846765039636e+01	2.610669693530079272e+01	9.648127128263336516e+00	1.560726447219069257e+01	1.106696935300794493e+01	1.248581157775255335e+01	1.589103291713961319e+01	1.191827468785471034e+01	5.737978127308434750e+01
6.487387068166486870e+01	2.780930760499432353e+01	3.007945516458569557e+01	1.617480136208853381e+01	5.658002470336939638e+01	0.000000000000000000e+00	2.298524404086265704e+01	1.901248581157775064e+01	6.090111245237996229e+01	1.787741203178206462e+01	5.510312755867051493e+01	2.326901248581157589e+01	6.611854814654664381e+01	1.560726447219069257e+01	3.320090805902383835e+01	1.674233825198637859e+01	2.417837274061261965e+01	4.628678730078654979e+01	2.497162315550510669e+01	3.007945516458569557e+01
2.185017026106696747e+01	1.844494892167990940e+01	1.929625425652667303e+01	1.106696935300794493e+01	1.248581157775255335e+01	2.298524404086265704e+01	0.000000000000000000e+00	3.788984379222745247e+01	5.130453408924843473e+01	1.816118047673098701e+01	1.645856980703745620e+01	1.730987514188422338e+01	1.929625425652667303e+01	1.191827468785471034e+01	5.828263537306292363e+01	2.748049654973605271e+01	1.106696935300794493e+01	2.099886492622020384e+01	1.730987514188422338e+01	2.922814982973893194e+01
1.503972758229284779e+01	1.135073779795686733e+01	4.112740652657414842e+01	1.226009805275790931e+01	1.163450624290578794e+01	1.901248581157775064e+01	3.788984379222745247e+01	0.000000000000000000e+00	1.969613254138414860e+01	2.071509648127128145e+01	4.573876887535609370e+01	2.816414327954245067e+01	2.270147559591373465e+01	6.526674233825198179e+00	2.043132803632235905e+01	1.305334846765039636e+01	7.661748013620885089e+00	2.942183305406915395e+01	1.759364358683314222e+01	4.452612171113873529e+01
3.987622290686990567e+01	1.305334846765039636e+01	1.362088535754823937e+01	8.229284903518728100e+00	1.220204313280363273e+01	6.090111245237996229e+01	5.130453408924843473e+01	1.969613254138414860e+01	0.000000000000000000e+00	1.475595913734392717e+01	1.929625425652667303e+01	4.276545612149093500e+01	1.901248581157775064e+01	1.049943246311010192e+01	2.241770715096481226e+01	1.532349602724177018e+01	8.229284903518728100e+00	1.787741203178206462e+01	1.532349602724177018e+01	2.099886492622020384e+01
1.418842224744608416e+01	1.390465380249716176e+01	2.742894778460424021e+01	1.220204313280363273e+01	1.617480136208853381e+01	1.787741203178206462e+01	1.816118047673098701e+01	2.071509648127128145e+01	1.475595913734392717e+01	0.000000000000000000e+00	1.362088535754823937e+01	2.071509648127128145e+01	3.765111795758787849e+01	7.377979568671963584e+00	2.156640181611804863e+01	1.049943246311010192e+01	1.390465380249716176e+01	6.067539892738531648e+01	1.589103291713961319e+01	5.788926324302791926e+01
5.828263537306292363e+01	5.158179637937488593e+01	1.958002270147559543e+01	1.021566401816117953e+01	1.390465380249716176e+01	5.510312755867051493e+01	1.645856980703745620e+01	4.573876887535609370e+01	1.929625425652667303e+01	1.362088535754823937e+01	0.000000000000000000e+00	1.418842224744608416e+01	1.844494892167990940e+01	1.191827468785471034e+01	2.780930760499432353e+01	1.589103291713961319e+01	1.305334846765039636e+01	1.787741203178206462e+01	2.043132803632235905e+01	2.326901248581157589e+01
1.872871736662883180e+01	1.333711691259931875e+01	1.787741203178206462e+01	1.106696935300794493e+01	1.305334846765039636e+01	2.326901248581157589e+01	1.730987514188422338e+01	2.816414327954245067e+01	4.276545612149093500e+01	2.071509648127128145e+01	1.418842224744608416e+01	0.000000000000000000e+00	2.520384283532221659e+01	1.049943246311010192e+01	1.759364358683314222e+01	1.021566401816117953e+01	8.513053348467650494e+00	1.816118047673098701e+01	1.560726447219069257e+01	2.326901248581157589e+01
2.185017026106696747e+01	1.901248581157775064e+01	6.367423582709243846e+01	4.402314589601763828e+01	2.610669693530079272e+01	6.611854814654664381e+01	1.929625425652667303e+01	2.270147559591373465e+01	1.901248581157775064e+01	3.765111795758787849e+01	1.844494892167990940e+01	2.520384283532221659e+01	0.000000000000000000e+00	1.276958002270147574e+01	2.667423382519863750e+01	1.135073779795686733e+01	5.351012057406306610e+01	3.376844494892167603e+01	2.270147559591373465e+01	2.866061293984108715e+01
1.560726447219069257e+01	1.191827468785471034e+01	1.078320090805902431e+01	6.526674233825198179e+00	9.648127128263336516e+00	1.560726447219069257e+01	1.191827468785471034e+01	6.526674233825198179e+00	1.049943246311010192e+01	7.377979568671963584e+00	1.191827468785471034e+01	1.049943246311010192e+01	1.276958002270147574e+01	0.000000000000000000e+00	1.589103291713961319e+01	5.391600454029512157e+00	1.276958002270147574e+01	1.645856980703745620e+01	1.106696935300794493e+01	8.513053348467650494e+00
3.093076049943246275e+01	5.924354439299577280e+01	2.610669693530079272e+01	1.503972758229284779e+01	1.560726447219069257e+01	3.320090805902383835e+01	5.828263537306292363e+01	2.043132803632235905e+01	2.241770715096481226e+01	2.156640181611804863e+01	2.780930760499432353e+01	1.759364358683314222e+01	2.667423382519863750e+01	1.589103291713961319e+01	0.000000000000000000e+00	1.986379114642451782e+01	2.986024779441351384e+01	2.355278093076049828e+01	3.729628228303975845e+01	5.998524604275645089e+01
1.600714275704816814e+01	1.106696935300794493e+01	1.220204313280363273e+01	7.661748013620885089e+00	1.106696935300794493e+01	1.674233825198637859e+01	2.748049654973605271e+01	1.305334846765039636e+01	1.532349602724177018e+01	1.049943246311010192e+01	1.589103291713961319e+01	1.021566401816117953e+01	1.135073779795686733e+01	5.391600454029512157e+00	1.986379114642451782e+01	0.000000000000000000e+00	7.377979568671963584e+00	9.648127128263336516e+00	1.305334846765039636e+01	3.140170601388914307e+01
1.418842224744608416e+01	1.248581157775255335e+01	2.185017026106696747e+01	1.248581157775255335e+01	1.248581157775255335e+01	2.417837274061261965e+01	1.106696935300794493e+01	7.661748013620885089e+00	8.229284903518728100e+00	1.390465380249716176e+01	1.305334846765039636e+01	8.513053348467650494e+00	5.351012057406306610e+01	1.276958002270147574e+01	2.986024779441351384e+01	7.377979568671963584e+00	0.000000000000000000e+00	4.880216684983995634e+01	3.082766296916883419e+01	1.078320090805902431e+01
2.213393870601588986e+01	1.560726447219069257e+01	2.213393870601588986e+01	4.584837256044217924e+01	1.589103291713961319e+01	4.628678730078654979e+01	2.099886492622020384e+01	2.942183305406915395e+01	1.787741203178206462e+01	6.067539892738531648e+01	1.787741203178206462e+01	1.816118047673098701e+01	3.376844494892167603e+01	1.645856980703745620e+01	2.355278093076049828e+01	9.648127128263336516e+00	4.880216684983995634e+01	0.000000000000000000e+00	2.213393870601588986e+01	2.951191827468785434e+01
2.099886492622020384e+01	1.787741203178206462e+01	2.866061293984108715e+01	1.191827468785471034e+01	1.191827468785471034e+01	2.497162315550510669e+01	1.730987514188422338e+01	1.759364358683314222e+01	1.532349602724177018e+01	1.589103291713961319e+01	2.043132803632235905e+01	1.560726447219069257e+01	2.270147559591373465e+01	1.106696935300794493e+01	3.729628228303975845e+01	1.305334846765039636e+01	3.082766296916883419e+01	2.213393870601588986e+01	0.000000000000000000e+00	2.043132803632235905e+01
2.099886492622020384e+01	1.929625425652667303e+01	2.383654937570942067e+01	1.816118047673098701e+01	5.737978127308434750e+01	3.007945516458569557e+01	2.922814982973893194e+01	4.452612171113873529e+01	2.099886492622020384e+01	5.788926324302791926e+01	2.326901248581157589e+01	2.326901248581157589e+01	2.866061293984108715e+01	8.513053348467650494e+00	5.998524604275645089e+01	3.140170601388914307e+01	1.078320090805902431e+01	2.951191827468785434e+01	2.043132803632235905e+01	0.000000000000000000e+00
