0.000000000000000000e+00	1.375000565130574337e+01	2.021861444479566217e+01	7.572840603954832162e+00	1.279816213355585042e+01	3.401309417257848366e+01	3.434915145023050087e+01	6.101410278651855812e+00	8.135213704869142859e+00	1.597810490828236851e+01	2.357233865891781122e+01	2.611503231934787550e+01	1.214845893528526943e+01	2.614712203936879575e+01	2.616851518604940452e+01	9.714488518892093083e+00	3.220839070072744903e+01	3.125478126222643738e+01	2.843336482068711035e+01	1.895305527890923969e+01
1.375000565130574337e+01	0.000000000000000000e+00	4.279797019745109310e+01	9.671702225530866670e+00	1.602176995696050454e+01	2.899283477459508163e+01	1.922486338900145242e+01	6.469487548806828414e+00	1.575171935750210928e+01	2.610609325664138680e+01	1.359849611390763258e+01	1.576241593084241721e+01	2.607136727066973592e+01	9.985417873667394417e+00	3.654326402151644970e+01	1.273310393819710029e+01	5.408920787020049303e+00	1.918119834032331639e+01	4.227545980375811041e+01	1.616258292101830563e+01
2.021861444479566217e+01	4.279797019745109310e+01	0.000000000000000000e+00	3.377592188180638999e+01	2.017582815143443753e+01	4.712416292647192506e+01	1.991647412531634842e+01	1.843912690021560863e+01	2.288072792260291521e+01	3.360703072173838279e+01	2.202603232023269086e+01	2.272921838520480264e+01	3.087600741873115950e+01	1.691925185269195353e+01	3.628690330905623540e+01	2.596918121080921438e+01	2.258752666583009017e+01	2.976001153618868500e+01	5.764450439953930783e+01	3.472704653840887090e+01
7.572840603954832162e+00	9.671702225530866670e+00	3.377592188180638999e+01	0.000000000000000000e+00	1.043994648586172858e+01	2.215702746626709541e+01	1.089447509805606273e+01	1.716966681610355394e+01	8.838399769841254638e+00	1.190068023782439788e+01	1.060215259660014731e+01	1.534085579398591115e+01	2.095652649573942128e+01	4.705734722047935747e+00	2.136563254862180017e+01	9.520192688132755876e+00	4.078303425774877589e+00	1.724542158480260667e+01	2.091198269174437741e+01	3.516999982194599284e+01
1.279816213355585042e+01	1.602176995696050454e+01	2.017582815143443753e+01	1.043994648586172858e+01	0.000000000000000000e+00	3.526099280572313432e+01	1.396657338406260429e+01	9.433741346093393432e+00	1.307978806167145969e+01	1.585956384622208581e+01	1.290600662227582518e+01	1.162975088304909654e+01	3.751839765161671636e+01	1.716971610448796426e+01	2.657812250740800053e+01	1.808766310319870740e+01	1.780292484552285259e+01	1.937549417108265359e+01	2.999890045932747640e+01	1.896463060756645547e+01
3.401309417257848366e+01	2.899283477459508163e+01	4.712416292647192506e+01	2.215702746626709541e+01	3.526099280572313432e+01	0.000000000000000000e+00	2.896250256520797350e+01	1.529806950062468651e+01	4.621295026547518603e+01	2.256701227446638569e+01	1.795842546779812210e+01	4.253657134051001520e+01	4.172660828555518719e+01	1.727663254950661909e+01	3.898982797691969182e+01	3.150541381830923982e+01	2.646259519813914096e+01	4.233276545105000110e+01	4.237652066637966897e+01	3.413346247279055490e+01
3.434915145023050087e+01	1.922486338900145242e+01	1.991647412531634842e+01	1.089447509805606273e+01	1.396657338406260429e+01	2.896250256520797350e+01	0.000000000000000000e+00	7.800104910051999241e+00	9.693095372211478988e+00	4.065555413298200449e+01	3.222493444634755377e+01	4.405763290267330490e+01	2.706775459241467630e+01	3.237551594004434463e+01	2.372665276655344258e+01	1.143457629697284972e+01	1.574587218522231247e+01	4.685283564572237225e+01	3.093036904074960347e+01	3.083032638848089491e+01
6.101410278651855812e+00	6.469487548806828414e+00	1.843912690021560863e+01	1.716966681610355394e+01	9.433741346093393432e+00	1.529806950062468651e+01	7.800104910051999241e+00	0.000000000000000000e+00	7.324183151177052764e+00	1.085081004937792670e+01	6.901744259003638859e+00	1.566526801546274683e+01	1.251741496075715077e+01	3.818949399656790700e+00	1.360919268724793874e+01	1.254950468077807102e+01	2.823440833228761271e+00	7.940917874109802987e+00	2.890622353838622161e+01	4.548451942398124004e+01
8.135213704869142859e+00	1.575171935750210928e+01	2.288072792260291521e+01	8.838399769841254638e+00	1.307978806167145969e+01	4.621295026547518603e+01	9.693095372211478988e+00	7.324183151177052764e+00	0.000000000000000000e+00	1.332844551444923908e+01	1.129376333291504508e+01	1.219212398396340724e+01	1.072069365866043000e+01	7.248428382477996479e+00	3.310587259645890157e+01	3.894700080529135278e+01	3.137156481365290350e+00	1.449685676495599296e+01	2.773972969268277922e+01	1.746111056224255975e+01
1.597810490828236851e+01	2.610609325664138680e+01	3.360703072173838279e+01	1.190068023782439788e+01	1.585956384622208581e+01	2.256701227446638569e+01	4.065555413298200449e+01	1.085081004937792670e+01	1.332844551444923908e+01	0.000000000000000000e+00	2.539133186301205569e+01	4.606730833949042392e+01	3.526802649264256928e+01	1.196485967786623839e+01	2.591091867056513820e+01	1.459400468033566156e+01	6.588028610867109336e+00	3.203377138428201931e+01	4.371872176639936214e+01	2.840906852700015151e+01
2.357233865891781122e+01	1.359849611390763258e+01	2.202603232023269086e+01	1.060215259660014731e+01	1.290600662227582518e+01	1.795842546779812210e+01	3.222493444634755377e+01	6.901744259003638859e+00	1.129376333291504508e+01	2.539133186301205569e+01	0.000000000000000000e+00	2.116151889983906997e+01	2.913543409853755861e+01	1.001750759368831645e+01	2.396180907575339702e+01	2.290124231396661969e+01	6.901744259003638859e+00	1.647629856915483515e+01	3.014967069644461262e+01	2.429779662588745026e+01
2.611503231934787550e+01	1.576241593084241721e+01	2.272921838520480264e+01	1.534085579398591115e+01	1.162975088304909654e+01	4.253657134051001520e+01	4.405763290267330490e+01	1.566526801546274683e+01	1.219212398396340724e+01	4.606730833949042392e+01	2.116151889983906997e+01	0.000000000000000000e+00	3.642574116980901522e+01	1.402005625076413686e+01	2.264276704316543842e+01	1.156469268769034819e+01	6.588028610867109336e+00	4.164227150185678283e+01	2.666670884692187826e+01	4.190059890750472249e+01
1.214845893528526943e+01	2.607136727066973592e+01	3.087600741873115950e+01	2.095652649573942128e+01	3.751839765161671636e+01	4.172660828555518719e+01	2.706775459241467630e+01	1.251741496075715077e+01	1.072069365866043000e+01	3.526802649264256928e+01	2.913543409853755861e+01	3.642574116980901522e+01	0.000000000000000000e+00	1.291670319561613312e+01	2.772727560870865560e+01	1.868300467945084620e+01	9.595947456831810385e+00	2.729414014319493376e+01	3.149186338634700277e+01	3.417328430174477205e+01
2.614712203936879575e+01	9.985417873667394417e+00	1.691925185269195353e+01	4.705734722047935747e+00	1.716971610448796426e+01	1.727663254950661909e+01	3.237551594004434463e+01	3.818949399656790700e+00	7.248428382477996479e+00	1.196485967786623839e+01	1.001750759368831645e+01	1.402005625076413686e+01	1.291670319561613312e+01	0.000000000000000000e+00	1.848783009337460115e+01	6.956105881022081050e+00	1.763313449100437325e+01	2.663374037158404661e+01	2.400723163506535229e+01	1.009326236238737273e+01
2.616851518604940452e+01	3.654326402151644970e+01	3.628690330905623540e+01	2.136563254862180017e+01	2.657812250740800053e+01	3.898982797691969182e+01	2.372665276655344258e+01	1.360919268724793874e+01	3.310587259645890157e+01	2.591091867056513820e+01	2.396180907575339702e+01	2.264276704316543842e+01	2.772727560870865560e+01	1.848783009337460115e+01	0.000000000000000000e+00	2.923079565403254776e+01	1.195416310452593223e+01	2.702496829905345166e+01	3.881692529284096338e+01	3.808557927532442022e+01
9.714488518892093083e+00	1.273310393819710029e+01	2.596918121080921438e+01	9.520192688132755876e+00	1.808766310319870740e+01	3.150541381830923982e+01	1.143457629697284972e+01	1.254950468077807102e+01	3.894700080529135278e+01	1.459400468033566156e+01	2.290124231396661969e+01	1.156469268769034819e+01	1.868300467945084620e+01	6.956105881022081050e+00	2.923079565403254776e+01	0.000000000000000000e+00	3.450872129501819430e+00	1.096935111143820940e+01	3.149362089698082556e+01	2.919569218122020970e+01
3.220839070072744903e+01	5.408920787020049303e+00	2.258752666583009017e+01	4.078303425774877589e+00	1.780292484552285259e+01	2.646259519813914096e+01	1.574587218522231247e+01	2.823440833228761271e+00	3.137156481365290350e+00	6.588028610867109336e+00	6.901744259003638859e+00	6.588028610867109336e+00	9.595947456831810385e+00	1.763313449100437325e+01	1.195416310452593223e+01	3.450872129501819430e+00	0.000000000000000000e+00	1.379367069998387940e+01	1.881312107016834290e+01	4.154058194473932986e+00
3.125478126222643738e+01	1.918119834032331639e+01	2.976001153618868500e+01	1.724542158480260667e+01	1.937549417108265359e+01	4.233276545105000110e+01	4.685283564572237225e+01	7.940917874109802987e+00	1.449685676495599296e+01	3.203377138428201931e+01	1.647629856915483515e+01	4.164227150185678283e+01	2.729414014319493376e+01	2.663374037158404661e+01	2.702496829905345166e+01	1.096935111143820940e+01	1.379367069998387940e+01	0.000000000000000000e+00	2.573625847585259763e+01	2.810604945220393347e+01
2.843336482068711035e+01	4.227545980375811041e+01	5.764450439953930783e+01	2.091198269174437741e+01	2.999890045932747640e+01	4.237652066637966897e+01	3.093036904074960347e+01	2.890622353838622161e+01	2.773972969268277922e+01	4.371872176639936214e+01	3.014967069644461262e+01	2.666670884692187826e+01	3.149186338634700277e+01	2.400723163506535229e+01	3.881692529284096338e+01	3.149362089698082556e+01	1.881312107016834290e+01	2.573625847585259763e+01	0.000000000000000000e+00	3.822933626465567869e+01
1.895305527890923969e+01	1.616258292101830563e+01	3.472704653840887090e+01	3.516999982194599284e+01	1.896463060756645547e+01	3.413346247279055490e+01	3.083032638848089491e+01	4.548451942398124004e+01	1.746111056224255975e+01	2.840906852700015151e+01	2.429779662588745026e+01	4.190059890750472249e+01	3.417328430174477205e+01	1.009326236238737273e+01	3.808557927532442022e+01	2.919569218122020970e+01	4.154058194473932986e+00	2.810604945220393347e+01	3.822933626465567869e+01	0.000000000000000000e+00
