0.000000000000000000e+00	2.262491109638290254e+01	3.291364581103720610e+01	2.574884171402784006e+01	3.444046551217687124e+01	2.252057124731848958e+01	2.277700868497721132e+01	2.555710723923833783e+01	2.293931700577077493e+01	2.811467423269950316e+01	3.078629082438724751e+01	2.249766979573114867e+01	2.382176011723557352e+01	1.978666159333184993e+01	2.973774347024904330e+01	1.910769253342868979e+01	2.160591317950353840e+01	2.228951913356899084e+01	2.515626228836299916e+01	3.007583301008260790e+01
2.262491109638290254e+01	0.000000000000000000e+00	2.746908942186441394e+01	1.874819504912332135e+01	2.844384040552364823e+01	2.235984290071075620e+01	2.452946366274364820e+01	2.547428173830774512e+01	1.813290485722506773e+01	2.008258871494152942e+01	2.475662065401163048e+01	1.876534610975237882e+01	2.090052896145765615e+01	2.139154793162819601e+01	2.549451702528269337e+01	1.696696586931374640e+01	2.461292390878106318e+01	2.061907186217314347e+01	2.441236955460940194e+01	2.591026685456763090e+01
3.291364581103720610e+01	2.746908942186441394e+01	0.000000000000000000e+00	2.799870229266896970e+01	3.649449383474718189e+01	2.319445773880172013e+01	3.287610441639007064e+01	2.936299232863403219e+01	2.665765844379425431e+01	2.327263047498446014e+01	3.075168432958542297e+01	2.728881973930770499e+01	2.322506342080849251e+01	2.457566543231898848e+01	3.286406208057895384e+01	2.006768199051990109e+01	2.879202532434241490e+01	2.541831360926075334e+01	2.996616187920700725e+01	3.109531083392381134e+01
2.574884171402784006e+01	1.874819504912332135e+01	2.799870229266896970e+01	0.000000000000000000e+00	2.871501798373791203e+01	1.726921139302771380e+01	2.143228609083960023e+01	2.171088041601833751e+01	1.895998656351303779e+01	2.080274732885629163e+01	2.364089801740905372e+01	2.042816138432740658e+01	1.831293326929688803e+01	1.686434178350466695e+01	2.331309484655058384e+01	1.549831114153754186e+01	1.784719815862557013e+01	1.755335922142704419e+01	2.451208145906355540e+01	2.418969417895328888e+01
3.444046551217687124e+01	2.844384040552364823e+01	3.649449383474718189e+01	2.871501798373791203e+01	0.000000000000000000e+00	2.260433792180979395e+01	3.203857003928774105e+01	2.835393604522675304e+01	2.526638604244015696e+01	2.744639403907409303e+01	2.761259202122429457e+01	2.648510185595908339e+01	2.263867975950612177e+01	2.567269188442155681e+01	2.941347156416491870e+01	2.057947469241616290e+01	2.696529345152450219e+01	2.476131998310254190e+01	2.631752466567380466e+01	2.972423210657487047e+01
2.252057124731848958e+01	2.235984290071075620e+01	2.319445773880172013e+01	1.726921139302771380e+01	2.260433792180979395e+01	0.000000000000000000e+00	2.454320437397636923e+01	2.357385613352016662e+01	1.896283964680789325e+01	1.691000238907136932e+01	2.909285399721988341e+01	2.072234789993502346e+01	2.061404767316353315e+01	1.927292272638810289e+01	2.345611007343311627e+01	1.470511074760591264e+01	2.126906116098774291e+01	1.830197797303030427e+01	2.252029143827719437e+01	2.299430080691121603e+01
2.277700868497721132e+01	2.452946366274364820e+01	3.287610441639007064e+01	2.143228609083960023e+01	3.203857003928774105e+01	2.454320437397636923e+01	0.000000000000000000e+00	3.339749799864502222e+01	2.304957244287960094e+01	2.316719302231874877e+01	2.891334107990115143e+01	1.875174328923635869e+01	1.980984257571617491e+01	2.458871119563167795e+01	3.085457307249999204e+01	2.115620401059239697e+01	2.322155838556084007e+01	1.988569772258966850e+01	2.365340584572257399e+01	2.751793781983420217e+01
2.555710723923833783e+01	2.547428173830774512e+01	2.936299232863403219e+01	2.171088041601833751e+01	2.835393604522675304e+01	2.357385613352016662e+01	3.339749799864502222e+01	0.000000000000000000e+00	1.976418197014947253e+01	2.206212922636662199e+01	3.036514058505375857e+01	2.317966747234728686e+01	2.292658758944767072e+01	2.756461995560344036e+01	3.066249101930139531e+01	1.983272308169646791e+01	2.579250674729791015e+01	1.957530057865481865e+01	2.450921868495777645e+01	2.620817550129127227e+01
2.293931700577077493e+01	1.813290485722506773e+01	2.665765844379425431e+01	1.895998656351303779e+01	2.526638604244015696e+01	1.896283964680789325e+01	2.304957244287960094e+01	1.976418197014947253e+01	0.000000000000000000e+00	1.777990236267570623e+01	2.647467646890501314e+01	2.028783688655968476e+01	2.147118190139462612e+01	2.013479266327979289e+01	2.434815517000974694e+01	1.743487828808358842e+01	1.676257520869381068e+01	1.904168020552899065e+01	1.996043070135945285e+01	2.344003177365862811e+01
2.811467423269950316e+01	2.008258871494152942e+01	2.327263047498446014e+01	2.080274732885629163e+01	2.744639403907409303e+01	1.691000238907136932e+01	2.316719302231874877e+01	2.206212922636662199e+01	1.777990236267570623e+01	0.000000000000000000e+00	2.291246514553159486e+01	2.138475875310185614e+01	2.362609333649518817e+01	1.900936745418374230e+01	2.237139451138683199e+01	1.932178399365875165e+01	1.955138472301409536e+01	2.109789986077134927e+01	2.205438812923505054e+01	2.297571351382380911e+01
3.078629082438724751e+01	2.475662065401163048e+01	3.075168432958542297e+01	2.364089801740905372e+01	2.761259202122429457e+01	2.909285399721988341e+01	2.891334107990115143e+01	3.036514058505375857e+01	2.647467646890501314e+01	2.291246514553159486e+01	0.000000000000000000e+00	2.579511455510912299e+01	2.880537317856386892e+01	2.343109587293220031e+01	3.162992104660061443e+01	2.158694828237974406e+01	2.598943683847731734e+01	2.406991462562387341e+01	2.786449063796012027e+01	2.983874230327011290e+01
2.249766979573114867e+01	1.876534610975237882e+01	2.728881973930770499e+01	2.042816138432740658e+01	2.648510185595908339e+01	2.072234789993502346e+01	1.875174328923635869e+01	2.317966747234728686e+01	2.028783688655968476e+01	2.138475875310185614e+01	2.579511455510912299e+01	0.000000000000000000e+00	2.404114042358073533e+01	1.942571198337343574e+01	2.115724620815766954e+01	1.559291593567848899e+01	2.126047283867040605e+01	1.704481658848387227e+01	2.184894468438393389e+01	2.574951917685758218e+01
2.382176011723557352e+01	2.090052896145765615e+01	2.322506342080849251e+01	1.831293326929688803e+01	2.263867975950612177e+01	2.061404767316353315e+01	1.980984257571617491e+01	2.292658758944767072e+01	2.147118190139462612e+01	2.362609333649518817e+01	2.880537317856386892e+01	2.404114042358073533e+01	0.000000000000000000e+00	2.066767816314921902e+01	2.211298606593389948e+01	1.735788507991168572e+01	2.117574088913055164e+01	1.804072998171358577e+01	2.537927026769763827e+01	2.441603074165333354e+01
1.978666159333184993e+01	2.139154793162819601e+01	2.457566543231898848e+01	1.686434178350466695e+01	2.567269188442155681e+01	1.927292272638810289e+01	2.458871119563167795e+01	2.756461995560344036e+01	2.013479266327979289e+01	1.900936745418374230e+01	2.343109587293220031e+01	1.942571198337343574e+01	2.066767816314921902e+01	0.000000000000000000e+00	2.670578717096298504e+01	1.746298464497922964e+01	2.082418770523855045e+01	2.250160533069149338e+01	1.883859344881465958e+01	2.266454178019433385e+01
2.973774347024904330e+01	2.549451702528269337e+01	3.286406208057895384e+01	2.331309484655058384e+01	2.941347156416491870e+01	2.345611007343311627e+01	3.085457307249999204e+01	3.066249101930139531e+01	2.434815517000974694e+01	2.237139451138683199e+01	3.162992104660061443e+01	2.115724620815766954e+01	2.211298606593389948e+01	2.670578717096298504e+01	0.000000000000000000e+00	1.984804671788017671e+01	2.411175613158827957e+01	1.870867110985901505e+01	2.802041011854326769e+01	2.877721741441908421e+01
1.910769253342868979e+01	1.696696586931374640e+01	2.006768199051990109e+01	1.549831114153754186e+01	2.057947469241616290e+01	1.470511074760591264e+01	2.115620401059239697e+01	1.983272308169646791e+01	1.743487828808358842e+01	1.932178399365875165e+01	2.158694828237974406e+01	1.559291593567848899e+01	1.735788507991168572e+01	1.746298464497922964e+01	1.984804671788017671e+01	0.000000000000000000e+00	1.769526641263846045e+01	1.586246141319989711e+01	2.009549986706652192e+01	1.839039669361970297e+01
2.160591317950353840e+01	2.461292390878106318e+01	2.879202532434241490e+01	1.784719815862557013e+01	2.696529345152450219e+01	2.126906116098774291e+01	2.322155838556084007e+01	2.579250674729791015e+01	1.676257520869381068e+01	1.955138472301409536e+01	2.598943683847731734e+01	2.126047283867040605e+01	2.117574088913055164e+01	2.082418770523855045e+01	2.411175613158827957e+01	1.769526641263846045e+01	0.000000000000000000e+00	2.106362156275676512e+01	2.390440556999768162e+01	2.185630233328833683e+01
2.228951913356899084e+01	2.061907186217314347e+01	2.541831360926075334e+01	1.755335922142704419e+01	2.476131998310254190e+01	1.830197797303030427e+01	1.988569772258966850e+01	1.957530057865481865e+01	1.904168020552899065e+01	2.109789986077134927e+01	2.406991462562387341e+01	1.704481658848387227e+01	1.804072998171358577e+01	2.250160533069149338e+01	1.870867110985901505e+01	1.586246141319989711e+01	2.106362156275676512e+01	0.000000000000000000e+00	2.054135347155575886e+01	2.497703228922932794e+01
2.515626228836299916e+01	2.441236955460940194e+01	2.996616187920700725e+01	2.451208145906355540e+01	2.631752466567380466e+01	2.252029143827719437e+01	2.365340584572257399e+01	2.450921868495777645e+01	1.996043070135945285e+01	2.205438812923505054e+01	2.786449063796012027e+01	2.184894468438393389e+01	2.537927026769763827e+01	1.883859344881465958e+01	2.802041011854326769e+01	2.009549986706652192e+01	2.390440556999768162e+01	2.054135347155575886e+01	0.000000000000000000e+00	2.388397892953859625e+01
3.007583301008260790e+01	2.591026685456763090e+01	3.109531083392381134e+01	2.418969417895328888e+01	2.972423210657487047e+01	2.299430080691121603e+01	2.751793781983420217e+01	2.620817550129127227e+01	2.344003177365862811e+01	2.297571351382380911e+01	2.983874230327011290e+01	2.574951917685758218e+01	2.441603074165333354e+01	2.266454178019433385e+01	2.877721741441908421e+01	1.839039669361970297e+01	2.185630233328833683e+01	2.497703228922932794e+01	2.388397892953859625e+01	0.000000000000000000e+00
