0.000000000000000000e+00	2.183617536256519998e+01	2.541365619644673757e+01	2.124564949414346415e+01	2.106018390319781730e+01	2.440777792678868963e+01	2.158822817835499208e+01	2.392447496191394052e+01	2.257549148450138787e+01	1.843167570987345272e+01	2.186508803137613555e+01	2.197034115375104335e+01	2.113441103728722936e+01	1.931302403224208319e+01	2.248807105272459239e+01	2.199843921346750619e+01	2.397298990160098597e+01	2.008636715543293505e+01	2.505531700632261405e+01	2.406287455647609619e+01
2.183617536256519998e+01	0.000000000000000000e+00	2.569657382795735145e+01	1.989454166537729307e+01	2.069778707166873488e+01	2.456836151590306017e+01	2.372674495032805808e+01	2.290095336850519558e+01	2.241149305142503323e+01	1.942209021082075182e+01	2.299708764484841339e+01	2.102374315818189743e+01	2.080047943625152485e+01	1.909279508978180928e+01	2.623632122526240806e+01	2.086419064776881882e+01	2.362230708559194881e+01	2.422968668441829010e+01	2.495436692166904180e+01	1.982249618490310183e+01
2.541365619644673757e+01	2.569657382795735145e+01	0.000000000000000000e+00	2.803199084170957178e+01	2.519697075195584901e+01	3.088932938027745934e+01	2.347193105618934794e+01	2.681641397302420771e+01	2.630981133711796716e+01	2.436110448418305907e+01	2.438831606507286054e+01	2.556358636930909611e+01	2.593671896819041223e+01	1.988384873851210699e+01	2.591705419364550167e+01	2.556078102135050045e+01	2.463945624816674851e+01	2.444579766952532651e+01	2.723729249580481238e+01	2.701518260418991346e+01
2.124564949414346415e+01	1.989454166537729307e+01	2.803199084170957178e+01	0.000000000000000000e+00	2.078617532120201261e+01	2.701652447495528975e+01	2.572972202628013960e+01	2.351401243470623115e+01	2.427464523885321412e+01	2.362445515843290167e+01	2.337113489143841960e+01	2.292853872010541849e+01	2.342152589553118602e+01	1.833342188714187415e+01	2.553483911571516529e+01	2.362925406251602567e+01	2.425966963414017386e+01	2.222557894709234461e+01	2.816775979568544486e+01	2.505375680940279182e+01
2.106018390319781730e+01	2.069778707166873488e+01	2.519697075195584901e+01	2.078617532120201261e+01	0.000000000000000000e+00	2.846668511289662362e+01	2.530792597822000900e+01	2.263372761783454479e+01	2.448263335384262973e+01	1.902656055705002558e+01	1.962424646071146483e+01	2.114299612146797358e+01	2.278321472331272446e+01	1.904964983013134017e+01	2.205282500960798941e+01	2.211409994840166249e+01	2.579605605261400214e+01	2.267208348801204210e+01	2.532109624349464738e+01	2.133419163193834933e+01
2.440777792678868963e+01	2.456836151590306017e+01	3.088932938027745934e+01	2.701652447495528975e+01	2.846668511289662362e+01	0.000000000000000000e+00	2.629995171205333193e+01	2.855286056173431675e+01	2.762959105337482058e+01	2.647668827598029040e+01	2.443722964769197148e+01	2.556701438673423965e+01	2.762804915194073274e+01	2.208480622043960295e+01	2.855304982137832681e+01	2.641875139541379980e+01	2.912517569232267078e+01	2.208049984518450515e+01	2.955017419587131755e+01	2.563028863260979406e+01
2.158822817835499208e+01	2.372674495032805808e+01	2.347193105618934794e+01	2.572972202628013960e+01	2.530792597822000900e+01	2.629995171205333193e+01	0.000000000000000000e+00	2.430594436600410901e+01	2.243091563372394504e+01	2.520164671136657475e+01	2.099848214466675600e+01	2.313324873357376177e+01	2.415500140916844174e+01	2.199311968198331968e+01	2.322496039685314884e+01	2.429923259563225457e+01	2.278097038301104860e+01	2.469124342917429260e+01	2.359440318083230892e+01	2.313612067610387157e+01
2.392447496191394052e+01	2.290095336850519558e+01	2.681641397302420771e+01	2.351401243470623115e+01	2.263372761783454479e+01	2.855286056173431675e+01	2.430594436600410901e+01	0.000000000000000000e+00	2.295430858273823915e+01	2.198177064483853727e+01	2.042724856353308738e+01	2.283890931985739314e+01	2.206826035540462883e+01	2.086729513310934081e+01	2.588189923739390252e+01	2.562969677801088153e+01	2.286354331966006015e+01	2.141088933957615836e+01	2.413563606172914078e+01	2.343978020531537965e+01
2.257549148450138787e+01	2.241149305142503323e+01	2.630981133711796716e+01	2.427464523885321412e+01	2.448263335384262973e+01	2.762959105337482058e+01	2.243091563372394504e+01	2.295430858273823915e+01	0.000000000000000000e+00	1.962906397214218046e+01	2.386324272659001267e+01	2.244467486097892461e+01	2.639776837458746783e+01	1.912618373639489633e+01	2.309300022085744430e+01	2.390274872672571860e+01	2.492766626550702824e+01	2.458524858585035489e+01	2.690712301923008098e+01	2.480561184738025560e+01
1.843167570987345272e+01	1.942209021082075182e+01	2.436110448418305907e+01	2.362445515843290167e+01	1.902656055705002558e+01	2.647668827598029040e+01	2.520164671136657475e+01	2.198177064483853727e+01	1.962906397214218046e+01	0.000000000000000000e+00	2.230587470648880100e+01	2.215582723733087178e+01	2.097741638578563794e+01	1.835074461912000032e+01	2.194705566562061705e+01	2.242985601051632827e+01	2.118480535734121872e+01	2.085846882142974223e+01	2.556003721769735648e+01	2.043144516616436945e+01
2.186508803137613555e+01	2.299708764484841339e+01	2.438831606507286054e+01	2.337113489143841960e+01	1.962424646071146483e+01	2.443722964769197148e+01	2.099848214466675600e+01	2.042724856353308738e+01	2.386324272659001267e+01	2.230587470648880100e+01	0.000000000000000000e+00	2.004604938942766168e+01	2.232827418532350805e+01	1.841246581052054765e+01	2.491767644577517160e+01	2.280804616628375925e+01	2.537482936788638455e+01	2.076620637851534923e+01	2.438305776472872211e+01	2.444487557898003871e+01
2.197034115375104335e+01	2.102374315818189743e+01	2.556358636930909611e+01	2.292853872010541849e+01	2.114299612146797358e+01	2.556701438673423965e+01	2.313324873357376177e+01	2.283890931985739314e+01	2.244467486097892461e+01	2.215582723733087178e+01	2.004604938942766168e+01	0.000000000000000000e+00	2.348695821196286104e+01	2.108349458815514055e+01	2.375491917273970799e+01	2.232433048242217666e+01	2.255535012762276281e+01	2.141063276969246942e+01	2.759904179436637861e+01	2.227867555788225573e+01
2.113441103728722936e+01	2.080047943625152485e+01	2.593671896819041223e+01	2.342152589553118602e+01	2.278321472331272446e+01	2.762804915194073274e+01	2.415500140916844174e+01	2.206826035540462883e+01	2.639776837458746783e+01	2.097741638578563794e+01	2.232827418532350805e+01	2.348695821196286104e+01	0.000000000000000000e+00	1.864896771531202901e+01	2.456245747614729069e+01	2.379888453718896102e+01	2.293991630267726833e+01	2.086473217624739362e+01	2.655498087607826463e+01	2.471478792699780769e+01
1.931302403224208319e+01	1.909279508978180928e+01	1.988384873851210699e+01	1.833342188714187415e+01	1.904964983013134017e+01	2.208480622043960295e+01	2.199311968198331968e+01	2.086729513310934081e+01	1.912618373639489633e+01	1.835074461912000032e+01	1.841246581052054765e+01	2.108349458815514055e+01	1.864896771531202901e+01	0.000000000000000000e+00	2.157187248743405306e+01	2.144502563618156188e+01	2.012095919672146138e+01	1.903804789913955631e+01	2.200732480377472911e+01	2.219701119066845507e+01
2.248807105272459239e+01	2.623632122526240806e+01	2.591705419364550167e+01	2.553483911571516529e+01	2.205282500960798941e+01	2.855304982137832681e+01	2.322496039685314884e+01	2.588189923739390252e+01	2.309300022085744430e+01	2.194705566562061705e+01	2.491767644577517160e+01	2.375491917273970799e+01	2.456245747614729069e+01	2.157187248743405306e+01	0.000000000000000000e+00	2.581797655752674103e+01	2.557488639570742706e+01	2.523074609793469847e+01	2.955627015860799744e+01	2.643034592723503451e+01
2.199843921346750619e+01	2.086419064776881882e+01	2.556078102135050045e+01	2.362925406251602567e+01	2.211409994840166249e+01	2.641875139541379980e+01	2.429923259563225457e+01	2.562969677801088153e+01	2.390274872672571860e+01	2.242985601051632827e+01	2.280804616628375925e+01	2.232433048242217666e+01	2.379888453718896102e+01	2.144502563618156188e+01	2.581797655752674103e+01	0.000000000000000000e+00	2.583037523607778496e+01	2.338349646447303698e+01	2.748360940425108012e+01	2.427951978025708968e+01
2.397298990160098597e+01	2.362230708559194881e+01	2.463945624816674851e+01	2.425966963414017386e+01	2.579605605261400214e+01	2.912517569232267078e+01	2.278097038301104860e+01	2.286354331966006015e+01	2.492766626550702824e+01	2.118480535734121872e+01	2.537482936788638455e+01	2.255535012762276281e+01	2.293991630267726833e+01	2.012095919672146138e+01	2.557488639570742706e+01	2.583037523607778496e+01	0.000000000000000000e+00	2.214228946640697160e+01	2.661741510520185017e+01	2.598277009805580207e+01
2.008636715543293505e+01	2.422968668441829010e+01	2.444579766952532651e+01	2.222557894709234461e+01	2.267208348801204210e+01	2.208049984518450515e+01	2.469124342917429260e+01	2.141088933957615836e+01	2.458524858585035489e+01	2.085846882142974223e+01	2.076620637851534923e+01	2.141063276969246942e+01	2.086473217624739362e+01	1.903804789913955631e+01	2.523074609793469847e+01	2.338349646447303698e+01	2.214228946640697160e+01	0.000000000000000000e+00	2.607928146449300044e+01	2.351894393042833187e+01
2.505531700632261405e+01	2.495436692166904180e+01	2.723729249580481238e+01	2.816775979568544486e+01	2.532109624349464738e+01	2.955017419587131755e+01	2.359440318083230892e+01	2.413563606172914078e+01	2.690712301923008098e+01	2.556003721769735648e+01	2.438305776472872211e+01	2.759904179436637861e+01	2.655498087607826463e+01	2.200732480377472911e+01	2.955627015860799744e+01	2.748360940425108012e+01	2.661741510520185017e+01	2.607928146449300044e+01	0.000000000000000000e+00	2.785750101623754205e+01
2.406287455647609619e+01	1.982249618490310183e+01	2.701518260418991346e+01	2.505375680940279182e+01	2.133419163193834933e+01	2.563028863260979406e+01	2.313612067610387157e+01	2.343978020531537965e+01	2.480561184738025560e+01	2.043144516616436945e+01	2.444487557898003871e+01	2.227867555788225573e+01	2.471478792699780769e+01	2.219701119066845507e+01	2.643034592723503451e+01	2.427951978025708968e+01	2.598277009805580207e+01	2.351894393042833187e+01	2.785750101623754205e+01	0.000000000000000000e+00
