0.000000000000000000e+00	2.368222929491416195e+01	2.556417206170374001e+01	2.316350417455718258e+01	2.064937707900316255e+01	2.298407705777059817e+01	2.301818311970341568e+01	2.307138118629760370e+01	2.066239988131400906e+01	2.118237243129766867e+01	2.214520616962925459e+01	2.032653903682316354e+01	2.313340697903366205e+01	1.872803897661914263e+01	2.202448653931818257e+01	2.362156443206419709e+01	2.606326356178779946e+01	2.537181845395171109e+01	2.249747324227467971e+01	2.431465308970273398e+01
2.368222929491416195e+01	0.000000000000000000e+00	2.776277311477275589e+01	2.550589497654938853e+01	2.255244861076736740e+01	2.484545659859336908e+01	2.715785888310150042e+01	2.298430802983128984e+01	2.191001511096687082e+01	2.228476450895274041e+01	2.702152300181096578e+01	2.623346891826018279e+01	2.693856100663077413e+01	2.303313919415153421e+01	2.397834789358530116e+01	2.394771888987567721e+01	2.692728590698830260e+01	2.353052836439050211e+01	2.608493463248459321e+01	2.225338582890715244e+01
2.556417206170374001e+01	2.776277311477275589e+01	0.000000000000000000e+00	2.625204626002738095e+01	2.356724424481728519e+01	2.712773213196993893e+01	2.264200710041522058e+01	2.678714033999015953e+01	2.568103150011284441e+01	2.378807434018565559e+01	2.561246213862341747e+01	2.515233394329272443e+01	2.810184587265431944e+01	2.269919796172858639e+01	2.345883374107523167e+01	2.803111117287728504e+01	2.705054247014163238e+01	2.474931753772364118e+01	2.338625462769150332e+01	2.572869623567645903e+01
2.316350417455718258e+01	2.550589497654938853e+01	2.625204626002738095e+01	0.000000000000000000e+00	1.936249327942458009e+01	2.409190419870871125e+01	2.241228787079436557e+01	2.385605778391400378e+01	2.290823985728561851e+01	2.118844126480704659e+01	2.239696775113125682e+01	2.183979978410464540e+01	2.414200011907014698e+01	1.874590335462445978e+01	2.551554069153551652e+01	2.293481991786814689e+01	2.350362724064331132e+01	2.307950270502918144e+01	2.234440903968517134e+01	2.267608320710879966e+01
2.064937707900316255e+01	2.255244861076736740e+01	2.356724424481728519e+01	1.936249327942458009e+01	0.000000000000000000e+00	2.469098597896649849e+01	2.271785050688983176e+01	2.509053792971644015e+01	1.877110135423529869e+01	2.240982580227353083e+01	2.018448316054528036e+01	2.085775089903269830e+01	2.413692070190032979e+01	1.703352007346717301e+01	2.285448533367671686e+01	2.114048723528678764e+01	2.313119775402608624e+01	2.504476215056865129e+01	2.263577404561139161e+01	2.016047516571728693e+01
2.298407705777059817e+01	2.484545659859336908e+01	2.712773213196993893e+01	2.409190419870871125e+01	2.469098597896649849e+01	0.000000000000000000e+00	2.485794943377072030e+01	2.234494570529637869e+01	2.468866521049987384e+01	2.438262862681740017e+01	2.579359317281607034e+01	2.677825972018894873e+01	2.752120789789161748e+01	1.778826250790318397e+01	2.772540865603632909e+01	2.603896505033373288e+01	2.534778969727750564e+01	2.547814105855117361e+01	2.733801573970251297e+01	2.392191338493462993e+01
2.301818311970341568e+01	2.715785888310150042e+01	2.264200710041522058e+01	2.241228787079436557e+01	2.271785050688983176e+01	2.485794943377072030e+01	0.000000000000000000e+00	2.301958891962249965e+01	2.199377151896510796e+01	2.383495683693557154e+01	2.215751526414331352e+01	2.131561695125904521e+01	2.191148766165219186e+01	1.991708736672788405e+01	2.314204851590368506e+01	2.222021641033515849e+01	2.315397073716104259e+01	2.076786494220976564e+01	2.317370890456171040e+01	2.170421514089213133e+01
2.307138118629760370e+01	2.298430802983128984e+01	2.678714033999015953e+01	2.385605778391400378e+01	2.509053792971644015e+01	2.234494570529637869e+01	2.301958891962249965e+01	0.000000000000000000e+00	2.299312054928019577e+01	2.272298827572411994e+01	2.437525814190703244e+01	2.385673430050219679e+01	2.467988263965592921e+01	2.311989267304380036e+01	2.561898375262965999e+01	2.586959963745273328e+01	2.466074068243185380e+01	2.437223164398473685e+01	2.429826199485052740e+01	2.339393686141125528e+01
2.066239988131400906e+01	2.191001511096687082e+01	2.568103150011284441e+01	2.290823985728561851e+01	1.877110135423529869e+01	2.468866521049987384e+01	2.199377151896510796e+01	2.299312054928019577e+01	0.000000000000000000e+00	2.141406933046524586e+01	2.186688631937066774e+01	2.277307818278561768e+01	2.337957562540268341e+01	1.979702226848936064e+01	2.135436525516742989e+01	2.440980270446438283e+01	2.459001306027588996e+01	2.289660947247188716e+01	2.301787858928529573e+01	2.062897660378248332e+01
2.118237243129766867e+01	2.228476450895274041e+01	2.378807434018565559e+01	2.118844126480704659e+01	2.240982580227353083e+01	2.438262862681740017e+01	2.383495683693557154e+01	2.272298827572411994e+01	2.141406933046524586e+01	0.000000000000000000e+00	2.150997140597434409e+01	2.369106485822871733e+01	2.193936863950477090e+01	1.640433893662868314e+01	2.357001134614829496e+01	2.442089141057819646e+01	2.270133879883249151e+01	2.588762747451620072e+01	2.480095913874965774e+01	2.169943903147100528e+01
2.214520616962925459e+01	2.702152300181096578e+01	2.561246213862341747e+01	2.239696775113125682e+01	2.018448316054528036e+01	2.579359317281607034e+01	2.215751526414331352e+01	2.437525814190703244e+01	2.186688631937066774e+01	2.150997140597434409e+01	0.000000000000000000e+00	2.394954259911179761e+01	2.589720560745703182e+01	1.901558889075212022e+01	2.361850142187504531e+01	2.176997406567579318e+01	2.709367721550074037e+01	2.305154747602386323e+01	2.543721933920279454e+01	2.177240644337452480e+01
2.032653903682316354e+01	2.623346891826018279e+01	2.515233394329272443e+01	2.183979978410464540e+01	2.085775089903269830e+01	2.677825972018894873e+01	2.131561695125904521e+01	2.385673430050219679e+01	2.277307818278561768e+01	2.369106485822871733e+01	2.394954259911179761e+01	0.000000000000000000e+00	2.393820780583632057e+01	2.082888611953083213e+01	2.580889814532324777e+01	2.379934115773902903e+01	2.218074841509856299e+01	2.417392829185410363e+01	2.508211260313056457e+01	2.231345626944872862e+01
2.313340697903366205e+01	2.693856100663077413e+01	2.810184587265431944e+01	2.414200011907014698e+01	2.413692070190032979e+01	2.752120789789161748e+01	2.191148766165219186e+01	2.467988263965592921e+01	2.337957562540268341e+01	2.193936863950477090e+01	2.589720560745703182e+01	2.393820780583632057e+01	0.000000000000000000e+00	2.253432343237875912e+01	2.507372367346202680e+01	2.697370763036677133e+01	2.680059510141463619e+01	2.399775651376183561e+01	2.456499482772509779e+01	2.334686021623301500e+01
1.872803897661914263e+01	2.303313919415153421e+01	2.269919796172858639e+01	1.874590335462445978e+01	1.703352007346717301e+01	1.778826250790318397e+01	1.991708736672788405e+01	2.311989267304380036e+01	1.979702226848936064e+01	1.640433893662868314e+01	1.901558889075212022e+01	2.082888611953083213e+01	2.253432343237875912e+01	0.000000000000000000e+00	2.329257602729379428e+01	2.039707168522611980e+01	2.022802714282008907e+01	2.072600015472066559e+01	2.099217498269202409e+01	2.030729078159093248e+01
2.202448653931818257e+01	2.397834789358530116e+01	2.345883374107523167e+01	2.551554069153551652e+01	2.285448533367671686e+01	2.772540865603632909e+01	2.314204851590368506e+01	2.561898375262965999e+01	2.135436525516742989e+01	2.357001134614829496e+01	2.361850142187504531e+01	2.580889814532324777e+01	2.507372367346202680e+01	2.329257602729379428e+01	0.000000000000000000e+00	2.586363471614967580e+01	2.402154181466865168e+01	2.538361445888077483e+01	2.365078608034870911e+01	2.532088176593912365e+01
2.362156443206419709e+01	2.394771888987567721e+01	2.803111117287728504e+01	2.293481991786814689e+01	2.114048723528678764e+01	2.603896505033373288e+01	2.222021641033515849e+01	2.586959963745273328e+01	2.440980270446438283e+01	2.442089141057819646e+01	2.176997406567579318e+01	2.379934115773902903e+01	2.697370763036677133e+01	2.039707168522611980e+01	2.586363471614967580e+01	0.000000000000000000e+00	2.269884843041125322e+01	2.603233875959842081e+01	2.770857760157838712e+01	2.447580777823318243e+01
2.606326356178779946e+01	2.692728590698830260e+01	2.705054247014163238e+01	2.350362724064331132e+01	2.313119775402608624e+01	2.534778969727750564e+01	2.315397073716104259e+01	2.466074068243185380e+01	2.459001306027588996e+01	2.270133879883249151e+01	2.709367721550074037e+01	2.218074841509856299e+01	2.680059510141463619e+01	2.022802714282008907e+01	2.402154181466865168e+01	2.269884843041125322e+01	0.000000000000000000e+00	2.416125637479448685e+01	2.489393923409394560e+01	2.473148228861134612e+01
2.537181845395171109e+01	2.353052836439050211e+01	2.474931753772364118e+01	2.307950270502918144e+01	2.504476215056865129e+01	2.547814105855117361e+01	2.076786494220976564e+01	2.437223164398473685e+01	2.289660947247188716e+01	2.588762747451620072e+01	2.305154747602386323e+01	2.417392829185410363e+01	2.399775651376183561e+01	2.072600015472066559e+01	2.538361445888077483e+01	2.603233875959842081e+01	2.416125637479448685e+01	0.000000000000000000e+00	2.610114825677304751e+01	2.044566745569632005e+01
2.249747324227467971e+01	2.608493463248459321e+01	2.338625462769150332e+01	2.234440903968517134e+01	2.263577404561139161e+01	2.733801573970251297e+01	2.317370890456171040e+01	2.429826199485052740e+01	2.301787858928529573e+01	2.480095913874965774e+01	2.543721933920279454e+01	2.508211260313056457e+01	2.456499482772509779e+01	2.099217498269202409e+01	2.365078608034870911e+01	2.770857760157838712e+01	2.489393923409394560e+01	2.610114825677304751e+01	0.000000000000000000e+00	2.208559760743599298e+01
2.431465308970273398e+01	2.225338582890715244e+01	2.572869623567645903e+01	2.267608320710879966e+01	2.016047516571728693e+01	2.392191338493462993e+01	2.170421514089213133e+01	2.339393686141125528e+01	2.062897660378248332e+01	2.169943903147100528e+01	2.177240644337452480e+01	2.231345626944872862e+01	2.334686021623301500e+01	2.030729078159093248e+01	2.532088176593912365e+01	2.447580777823318243e+01	2.473148228861134612e+01	2.044566745569632005e+01	2.208559760743599298e+01	0.000000000000000000e+00
