0.000000000000000000e+00	2.543430631695390076e+01	2.905921157319849968e+01	2.668165319618491083e+01	2.358003035908096479e+01	2.513130125603085574e+01	2.168924740658385275e+01	2.350434665748488783e+01	2.347804419712532820e+01	2.305862086736885885e+01	2.305973736607194979e+01	2.432040530562430902e+01	2.470999026482598993e+01	2.238652194782757832e+01	2.370535800728243103e+01	2.457822544923087449e+01	2.502370656163628126e+01	2.547334734512485355e+01	2.183586415694169958e+01	2.536939813594698023e+01
2.543430631695390076e+01	0.000000000000000000e+00	2.683409611763623914e+01	2.577748596749114895e+01	2.493093136372884899e+01	2.416531581249997629e+01	2.073342192568816955e+01	2.086625858261004396e+01	2.527004626312199065e+01	2.007308942561660103e+01	2.176899512030729156e+01	2.627757693393051497e+01	2.627570808229106447e+01	2.111153799701117606e+01	2.750717840761986821e+01	2.370334458500552799e+01	2.673254163061091049e+01	2.428678664399177478e+01	2.606756488168019459e+01	2.664261173507910385e+01
2.905921157319849968e+01	2.683409611763623914e+01	0.000000000000000000e+00	2.607775229258055916e+01	2.667920147735035741e+01	2.612271228751227170e+01	2.402221834221158758e+01	2.478589069554537616e+01	2.558823111143282603e+01	2.638204297095420259e+01	2.490237884436368532e+01	2.699191746820836002e+01	2.763116963298847395e+01	2.736009890052792670e+01	2.842186474284695663e+01	2.536766843660419823e+01	3.105748625282257436e+01	2.477017429693913897e+01	2.730717144483898196e+01	2.957473532550750051e+01
2.668165319618491083e+01	2.577748596749114895e+01	2.607775229258055916e+01	0.000000000000000000e+00	2.391766628012776508e+01	2.450006678738619215e+01	2.188321795080182142e+01	2.492787166245123132e+01	2.517083097470045772e+01	2.110630930873462319e+01	2.320171271718393413e+01	2.696417975575000270e+01	2.489437680349755055e+01	2.232429262213203813e+01	2.666952779994786127e+01	2.413534762965698022e+01	2.539722909180037647e+01	2.313141010601380287e+01	2.382233865652026594e+01	2.466756890564039750e+01
2.358003035908096479e+01	2.493093136372884899e+01	2.667920147735035741e+01	2.391766628012776508e+01	0.000000000000000000e+00	2.373630457720550524e+01	2.173010327643883244e+01	1.976927333418726462e+01	2.334597823010979667e+01	2.251622124278982895e+01	2.163580138333373171e+01	2.366394548513518004e+01	2.438489050871999098e+01	1.972664417611640886e+01	2.339955236305099007e+01	2.280511971785087155e+01	2.604858833189098277e+01	2.352239041244862605e+01	2.349467732838017398e+01	2.344421604540076842e+01
2.513130125603085574e+01	2.416531581249997629e+01	2.612271228751227170e+01	2.450006678738619215e+01	2.373630457720550524e+01	0.000000000000000000e+00	2.282005118142136979e+01	2.239221629418685922e+01	2.330263787321488067e+01	2.193336781859715856e+01	2.292039290185092781e+01	2.825130732877730111e+01	2.211989513456154555e+01	2.065575172226470713e+01	2.412634038606672249e+01	2.371180725991632343e+01	2.574851610790960876e+01	2.363884226885942041e+01	2.110870432560166421e+01	2.452762765507205600e+01
2.168924740658385275e+01	2.073342192568816955e+01	2.402221834221158758e+01	2.188321795080182142e+01	2.173010327643883244e+01	2.282005118142136979e+01	0.000000000000000000e+00	2.417150658128349505e+01	1.951825586080421360e+01	1.969715663152786433e+01	2.002887936685087311e+01	2.438992502516687466e+01	2.215048078327373915e+01	2.081649174614274145e+01	2.232776988102830273e+01	1.997888216952550522e+01	2.380108123968025424e+01	2.230902292065026771e+01	2.032470886681720756e+01	2.403596841532989004e+01
2.350434665748488783e+01	2.086625858261004396e+01	2.478589069554537616e+01	2.492787166245123132e+01	1.976927333418726462e+01	2.239221629418685922e+01	2.417150658128349505e+01	0.000000000000000000e+00	1.996848958462013002e+01	2.132474640372114649e+01	1.927365595904546680e+01	2.393830622273255315e+01	2.030305191780122698e+01	1.958209852351528113e+01	2.190813031239608577e+01	2.080386134418843369e+01	2.229181070610009741e+01	2.119081138909249873e+01	2.193241716502079441e+01	2.359148836560805051e+01
2.347804419712532820e+01	2.527004626312199065e+01	2.558823111143282603e+01	2.517083097470045772e+01	2.334597823010979667e+01	2.330263787321488067e+01	1.951825586080421360e+01	1.996848958462013002e+01	0.000000000000000000e+00	2.144408447518904737e+01	2.076166921241816965e+01	2.325179776042954316e+01	2.279119132867732489e+01	2.478204461133539738e+01	2.263986125286982087e+01	2.131641198641158752e+01	2.349427347146526657e+01	2.205323050019449482e+01	2.457577757994873480e+01	2.460443944807150984e+01
2.305862086736885885e+01	2.007308942561660103e+01	2.638204297095420259e+01	2.110630930873462319e+01	2.251622124278982895e+01	2.193336781859715856e+01	1.969715663152786433e+01	2.132474640372114649e+01	2.144408447518904737e+01	0.000000000000000000e+00	2.122044848153317531e+01	2.214478549411124675e+01	2.023827528657031394e+01	1.947835677367767815e+01	2.029930603447056825e+01	1.905266995971945576e+01	2.244111396684218818e+01	2.207381117468780474e+01	2.207207979131937492e+01	2.210583361815407244e+01
2.305973736607194979e+01	2.176899512030729156e+01	2.490237884436368532e+01	2.320171271718393413e+01	2.163580138333373171e+01	2.292039290185092781e+01	2.002887936685087311e+01	1.927365595904546680e+01	2.076166921241816965e+01	2.122044848153317531e+01	0.000000000000000000e+00	2.460395451362536789e+01	2.224266965636124382e+01	1.968278544767474258e+01	2.278644447460714417e+01	2.355970404110207284e+01	2.232368428742039157e+01	2.211198975958026836e+01	2.107059789223843893e+01	2.204128300654552319e+01
2.432040530562430902e+01	2.627757693393051497e+01	2.699191746820836002e+01	2.696417975575000270e+01	2.366394548513518004e+01	2.825130732877730111e+01	2.438992502516687466e+01	2.393830622273255315e+01	2.325179776042954316e+01	2.214478549411124675e+01	2.460395451362536789e+01	0.000000000000000000e+00	2.607640421996980606e+01	2.269104194587610834e+01	2.601663246254128836e+01	2.335215347412181686e+01	2.676219245609030040e+01	2.457768078471711348e+01	2.154206377739271616e+01	2.492084603024799705e+01
2.470999026482598993e+01	2.627570808229106447e+01	2.763116963298847395e+01	2.489437680349755055e+01	2.438489050871999098e+01	2.211989513456154555e+01	2.215048078327373915e+01	2.030305191780122698e+01	2.279119132867732489e+01	2.023827528657031394e+01	2.224266965636124382e+01	2.607640421996980606e+01	0.000000000000000000e+00	2.367012977204761981e+01	2.690779900774868238e+01	2.505955879570894496e+01	2.718665474941427362e+01	2.142231359072759034e+01	2.596950957934735271e+01	2.548388792987730511e+01
2.238652194782757832e+01	2.111153799701117606e+01	2.736009890052792670e+01	2.232429262213203813e+01	1.972664417611640886e+01	2.065575172226470713e+01	2.081649174614274145e+01	1.958209852351528113e+01	2.478204461133539738e+01	1.947835677367767815e+01	1.968278544767474258e+01	2.269104194587610834e+01	2.367012977204761981e+01	0.000000000000000000e+00	2.402857251003551653e+01	2.044422021852434312e+01	2.170674786056263272e+01	1.886491975136249977e+01	2.080703304519336783e+01	2.304618708950109252e+01
2.370535800728243103e+01	2.750717840761986821e+01	2.842186474284695663e+01	2.666952779994786127e+01	2.339955236305099007e+01	2.412634038606672249e+01	2.232776988102830273e+01	2.190813031239608577e+01	2.263986125286982087e+01	2.029930603447056825e+01	2.278644447460714417e+01	2.601663246254128836e+01	2.690779900774868238e+01	2.402857251003551653e+01	0.000000000000000000e+00	2.351459407311252292e+01	2.813164270419970947e+01	2.440475643888924751e+01	2.285612652799909839e+01	2.670298312665631713e+01
2.457822544923087449e+01	2.370334458500552799e+01	2.536766843660419823e+01	2.413534762965698022e+01	2.280511971785087155e+01	2.371180725991632343e+01	1.997888216952550522e+01	2.080386134418843369e+01	2.131641198641158752e+01	1.905266995971945576e+01	2.355970404110207284e+01	2.335215347412181686e+01	2.505955879570894496e+01	2.044422021852434312e+01	2.351459407311252292e+01	0.000000000000000000e+00	2.524174278946058791e+01	1.948455522096900694e+01	2.260655678282755687e+01	2.436582481109806508e+01
2.502370656163628126e+01	2.673254163061091049e+01	3.105748625282257436e+01	2.539722909180037647e+01	2.604858833189098277e+01	2.574851610790960876e+01	2.380108123968025424e+01	2.229181070610009741e+01	2.349427347146526657e+01	2.244111396684218818e+01	2.232368428742039157e+01	2.676219245609030040e+01	2.718665474941427362e+01	2.170674786056263272e+01	2.813164270419970947e+01	2.524174278946058791e+01	0.000000000000000000e+00	2.258400654044724121e+01	2.436828126775667513e+01	2.683825670724127832e+01
2.547334734512485355e+01	2.428678664399177478e+01	2.477017429693913897e+01	2.313141010601380287e+01	2.352239041244862605e+01	2.363884226885942041e+01	2.230902292065026771e+01	2.119081138909249873e+01	2.205323050019449482e+01	2.207381117468780474e+01	2.211198975958026836e+01	2.457768078471711348e+01	2.142231359072759034e+01	1.886491975136249977e+01	2.440475643888924751e+01	1.948455522096900694e+01	2.258400654044724121e+01	0.000000000000000000e+00	2.370943812493337788e+01	2.338463576083060502e+01
2.183586415694169958e+01	2.606756488168019459e+01	2.730717144483898196e+01	2.382233865652026594e+01	2.349467732838017398e+01	2.110870432560166421e+01	2.032470886681720756e+01	2.193241716502079441e+01	2.457577757994873480e+01	2.207207979131937492e+01	2.107059789223843893e+01	2.154206377739271616e+01	2.596950957934735271e+01	2.080703304519336783e+01	2.285612652799909839e+01	2.260655678282755687e+01	2.436828126775667513e+01	2.370943812493337788e+01	0.000000000000000000e+00	2.647515229643499879e+01
2.536939813594698023e+01	2.664261173507910385e+01	2.957473532550750051e+01	2.466756890564039750e+01	2.344421604540076842e+01	2.452762765507205600e+01	2.403596841532989004e+01	2.359148836560805051e+01	2.460443944807150984e+01	2.210583361815407244e+01	2.204128300654552319e+01	2.492084603024799705e+01	2.548388792987730511e+01	2.304618708950109252e+01	2.670298312665631713e+01	2.436582481109806508e+01	2.683825670724127832e+01	2.338463576083060502e+01	2.647515229643499879e+01	0.000000000000000000e+00
