0.000000000000000000e+00	0.000000000000000000e+00	0.000000000000000000e+00	0.000000000000000000e+00	3.909843606255749648e+01	0.000000000000000000e+00	1.080956761729530768e+02	0.000000000000000000e+00	0.000000000000000000e+00	0.000000000000000000e+00	0.000000000000000000e+00	0.000000000000000000e+00	6.899724011039557681e+00	0.000000000000000000e+00	0.000000000000000000e+00	0.000000000000000000e+00	0.000000000000000000e+00	8.969641214351425162e+01	0.000000000000000000e+00	0.000000000000000000e+00
0.000000000000000000e+00	0.000000000000000000e+00	0.000000000000000000e+00	1.080956761729530768e+02	0.000000000000000000e+00	0.000000000000000000e+00	0.000000000000000000e+00	0.000000000000000000e+00	0.000000000000000000e+00	0.000000000000000000e+00	0.000000000000000000e+00	0.000000000000000000e+00	0.000000000000000000e+00	0.000000000000000000e+00	0.000000000000000000e+00	0.000000000000000000e+00	0.000000000000000000e+00	0.000000000000000000e+00	9.659613615455381819e+01	0.000000000000000000e+00
0.000000000000000000e+00	0.000000000000000000e+00	0.000000000000000000e+00	0.000000000000000000e+00	0.000000000000000000e+00	0.000000000000000000e+00	0.000000000000000000e+00	0.000000000000000000e+00	6.899724011039558036e+01	0.000000000000000000e+00	0.000000000000000000e+00	0.000000000000000000e+00	0.000000000000000000e+00	1.103955841766329229e+02	0.000000000000000000e+00	0.000000000000000000e+00	4.599816007359705594e+01	0.000000000000000000e+00	0.000000000000000000e+00	0.000000000000000000e+00
0.000000000000000000e+00	1.080956761729530768e+02	0.000000000000000000e+00	0.000000000000000000e+00	0.000000000000000000e+00	0.000000000000000000e+00	0.000000000000000000e+00	0.000000000000000000e+00	0.000000000000000000e+00	0.000000000000000000e+00	0.000000000000000000e+00	0.000000000000000000e+00	0.000000000000000000e+00	2.529898804047838112e+01	3.449862005519779018e+01	0.000000000000000000e+00	0.000000000000000000e+00	8.049678012879483902e+01	4.599816007359705416e+00	0.000000000000000000e+00
3.909843606255749648e+01	0.000000000000000000e+00	0.000000000000000000e+00	0.000000000000000000e+00	0.000000000000000000e+00	0.000000000000000000e+00	0.000000000000000000e+00	0.000000000000000000e+00	9.429622815087395793e+01	0.000000000000000000e+00	0.000000000000000000e+00	0.000000000000000000e+00	0.000000000000000000e+00	0.000000000000000000e+00	0.000000000000000000e+00	0.000000000000000000e+00	0.000000000000000000e+00	0.000000000000000000e+00	8.969641214351425162e+01	7.359705611775528666e+01
0.000000000000000000e+00	0.000000000000000000e+00	0.000000000000000000e+00	0.000000000000000000e+00	0.000000000000000000e+00	0.000000000000000000e+00	4.139834406623734964e+01	4.599816007359705594e+01	0.000000000000000000e+00	6.439742410303587405e+01	1.149954001839926399e+01	0.000000000000000000e+00	0.000000000000000000e+00	0.000000000000000000e+00	0.000000000000000000e+00	0.000000000000000000e+00	0.000000000000000000e+00	0.000000000000000000e+00	0.000000000000000000e+00	0.000000000000000000e+00
1.080956761729530768e+02	0.000000000000000000e+00	0.000000000000000000e+00	0.000000000000000000e+00	0.000000000000000000e+00	4.139834406623734964e+01	0.000000000000000000e+00	5.289788408463661540e+01	0.000000000000000000e+00	0.000000000000000000e+00	6.209751609935602090e+01	0.000000000000000000e+00	0.000000000000000000e+00	2.989880404783808387e+01	0.000000000000000000e+00	0.000000000000000000e+00	0.000000000000000000e+00	0.000000000000000000e+00	0.000000000000000000e+00	0.000000000000000000e+00
0.000000000000000000e+00	0.000000000000000000e+00	0.000000000000000000e+00	0.000000000000000000e+00	0.000000000000000000e+00	4.599816007359705594e+01	5.289788408463661540e+01	0.000000000000000000e+00	0.000000000000000000e+00	0.000000000000000000e+00	0.000000000000000000e+00	0.000000000000000000e+00	0.000000000000000000e+00	0.000000000000000000e+00	0.000000000000000000e+00	0.000000000000000000e+00	0.000000000000000000e+00	6.899724011039557681e+00	6.899724011039557681e+00	0.000000000000000000e+00
0.000000000000000000e+00	0.000000000000000000e+00	6.899724011039558036e+01	0.000000000000000000e+00	9.429622815087395793e+01	0.000000000000000000e+00	0.000000000000000000e+00	0.000000000000000000e+00	0.000000000000000000e+00	0.000000000000000000e+00	8.509659613615454532e+01	5.519779208831646145e+01	7.359705611775528666e+01	0.000000000000000000e+00	0.000000000000000000e+00	0.000000000000000000e+00	0.000000000000000000e+00	0.000000000000000000e+00	0.000000000000000000e+00	0.000000000000000000e+00
0.000000000000000000e+00	0.000000000000000000e+00	0.000000000000000000e+00	0.000000000000000000e+00	0.000000000000000000e+00	6.439742410303587405e+01	0.000000000000000000e+00	0.000000000000000000e+00	0.000000000000000000e+00	0.000000000000000000e+00	0.000000000000000000e+00	0.000000000000000000e+00	0.000000000000000000e+00	0.000000000000000000e+00	2.299908003679852797e+01	3.679852805887764333e+01	6.899724011039557681e+00	0.000000000000000000e+00	0.000000000000000000e+00	0.000000000000000000e+00
0.000000000000000000e+00	0.000000000000000000e+00	0.000000000000000000e+00	0.000000000000000000e+00	0.000000000000000000e+00	1.149954001839926399e+01	6.209751609935602090e+01	0.000000000000000000e+00	8.509659613615454532e+01	0.000000000000000000e+00	0.000000000000000000e+00	4.599816007359705416e+00	0.000000000000000000e+00	4.369825206991720279e+01	0.000000000000000000e+00	0.000000000000000000e+00	7.129714811407544062e+01	0.000000000000000000e+00	0.000000000000000000e+00	0.000000000000000000e+00
0.000000000000000000e+00	0.000000000000000000e+00	0.000000000000000000e+00	0.000000000000000000e+00	0.000000000000000000e+00	0.000000000000000000e+00	0.000000000000000000e+00	0.000000000000000000e+00	5.519779208831646145e+01	0.000000000000000000e+00	4.599816007359705416e+00	0.000000000000000000e+00	8.049678012879483902e+01	0.000000000000000000e+00	0.000000000000000000e+00	0.000000000000000000e+00	0.000000000000000000e+00	0.000000000000000000e+00	0.000000000000000000e+00	0.000000000000000000e+00
6.899724011039557681e+00	0.000000000000000000e+00	0.000000000000000000e+00	0.000000000000000000e+00	0.000000000000000000e+00	0.000000000000000000e+00	0.000000000000000000e+00	0.000000000000000000e+00	7.359705611775528666e+01	0.000000000000000000e+00	0.000000000000000000e+00	8.049678012879483902e+01	0.000000000000000000e+00	0.000000000000000000e+00	0.000000000000000000e+00	0.000000000000000000e+00	0.000000000000000000e+00	4.599816007359705594e+01	8.049678012879483902e+01	0.000000000000000000e+00
0.000000000000000000e+00	0.000000000000000000e+00	1.103955841766329229e+02	2.529898804047838112e+01	0.000000000000000000e+00	0.000000000000000000e+00	2.989880404783808387e+01	0.000000000000000000e+00	0.000000000000000000e+00	0.000000000000000000e+00	4.369825206991720279e+01	0.000000000000000000e+00	0.000000000000000000e+00	0.000000000000000000e+00	7.589696412143513271e+01	0.000000000000000000e+00	0.000000000000000000e+00	7.129714811407544062e+01	9.199632014719411188e+01	0.000000000000000000e+00
0.000000000000000000e+00	0.000000000000000000e+00	0.000000000000000000e+00	3.449862005519779018e+01	0.000000000000000000e+00	0.000000000000000000e+00	0.000000000000000000e+00	0.000000000000000000e+00	0.000000000000000000e+00	2.299908003679852797e+01	0.000000000000000000e+00	0.000000000000000000e+00	0.000000000000000000e+00	7.589696412143513271e+01	0.000000000000000000e+00	0.000000000000000000e+00	0.000000000000000000e+00	6.209751609935602090e+01	0.000000000000000000e+00	0.000000000000000000e+00
0.000000000000000000e+00	0.000000000000000000e+00	0.000000000000000000e+00	0.000000000000000000e+00	0.000000000000000000e+00	0.000000000000000000e+00	0.000000000000000000e+00	0.000000000000000000e+00	0.000000000000000000e+00	3.679852805887764333e+01	0.000000000000000000e+00	0.000000000000000000e+00	0.000000000000000000e+00	0.000000000000000000e+00	0.000000000000000000e+00	0.000000000000000000e+00	0.000000000000000000e+00	6.439742410303587405e+01	0.000000000000000000e+00	0.000000000000000000e+00
0.000000000000000000e+00	0.000000000000000000e+00	4.599816007359705594e+01	0.000000000000000000e+00	0.000000000000000000e+00	0.000000000000000000e+00	0.000000000000000000e+00	0.000000000000000000e+00	0.000000000000000000e+00	6.899724011039557681e+00	7.129714811407544062e+01	0.000000000000000000e+00	0.000000000000000000e+00	0.000000000000000000e+00	0.000000000000000000e+00	0.000000000000000000e+00	0.000000000000000000e+00	2.069917203311867482e+01	0.000000000000000000e+00	1.080956761729530768e+02
8.969641214351425162e+01	0.000000000000000000e+00	0.000000000000000000e+00	8.049678012879483902e+01	0.000000000000000000e+00	0.000000000000000000e+00	0.000000000000000000e+00	6.899724011039557681e+00	0.000000000000000000e+00	0.000000000000000000e+00	0.000000000000000000e+00	0.000000000000000000e+00	4.599816007359705594e+01	7.129714811407544062e+01	6.209751609935602090e+01	6.439742410303587405e+01	2.069917203311867482e+01	0.000000000000000000e+00	0.000000000000000000e+00	0.000000000000000000e+00
0.000000000000000000e+00	9.659613615455381819e+01	0.000000000000000000e+00	4.599816007359705416e+00	8.969641214351425162e+01	0.000000000000000000e+00	0.000000000000000000e+00	6.899724011039557681e+00	0.000000000000000000e+00	0.000000000000000000e+00	0.000000000000000000e+00	0.000000000000000000e+00	8.049678012879483902e+01	9.199632014719411188e+01	0.000000000000000000e+00	0.000000000000000000e+00	0.000000000000000000e+00	0.000000000000000000e+00	0.000000000000000000e+00	0.000000000000000000e+00
0.000000000000000000e+00	0.000000000000000000e+00	0.000000000000000000e+00	0.000000000000000000e+00	7.359705611775528666e+01	0.000000000000000000e+00	0.000000000000000000e+00	0.000000000000000000e+00	0.000000000000000000e+00	0.000000000000000000e+00	0.000000000000000000e+00	0.000000000000000000e+00	0.000000000000000000e+00	0.000000000000000000e+00	0.000000000000000000e+00	0.000000000000000000e+00	1.080956761729530768e+02	0.000000000000000000e+00	0.000000000000000000e+00	0.000000000000000000e+00
