0.000000000000000000e+00	0.000000000000000000e+00	0.000000000000000000e+00	0.000000000000000000e+00	0.000000000000000000e+00	5.514705882352941302e+01	0.000000000000000000e+00	3.676470588235294201e+01	7.659313725490196134e+01	0.000000000000000000e+00	4.901960784313725839e+01	0.000000000000000000e+00	0.000000000000000000e+00	0.000000000000000000e+00	0.000000000000000000e+00	0.000000000000000000e+00	0.000000000000000000e+00	0.000000000000000000e+00	0.000000000000000000e+00	0.000000000000000000e+00
0.000000000000000000e+00	0.000000000000000000e+00	0.000000000000000000e+00	0.000000000000000000e+00	0.000000000000000000e+00	0.000000000000000000e+00	0.000000000000000000e+00	0.000000000000000000e+00	0.000000000000000000e+00	0.000000000000000000e+00	0.000000000000000000e+00	0.000000000000000000e+00	9.191176470588236214e+01	5.514705882352941302e+01	0.000000000000000000e+00	0.000000000000000000e+00	0.000000000000000000e+00	0.000000000000000000e+00	0.000000000000000000e+00	0.000000000000000000e+00
0.000000000000000000e+00	0.000000000000000000e+00	0.000000000000000000e+00	0.000000000000000000e+00	7.046568627450980671e+01	0.000000000000000000e+00	0.000000000000000000e+00	0.000000000000000000e+00	1.501225490196078454e+02	0.000000000000000000e+00	0.000000000000000000e+00	6.433823529411765207e+01	0.000000000000000000e+00	0.000000000000000000e+00	0.000000000000000000e+00	0.000000000000000000e+00	0.000000000000000000e+00	0.000000000000000000e+00	0.000000000000000000e+00	0.000000000000000000e+00
0.000000000000000000e+00	0.000000000000000000e+00	0.000000000000000000e+00	0.000000000000000000e+00	0.000000000000000000e+00	0.000000000000000000e+00	0.000000000000000000e+00	0.000000000000000000e+00	0.000000000000000000e+00	0.000000000000000000e+00	0.000000000000000000e+00	3.063725490196078738e+01	0.000000000000000000e+00	0.000000000000000000e+00	0.000000000000000000e+00	0.000000000000000000e+00	0.000000000000000000e+00	0.000000000000000000e+00	1.470588235294117680e+02	0.000000000000000000e+00
0.000000000000000000e+00	0.000000000000000000e+00	7.046568627450980671e+01	0.000000000000000000e+00	0.000000000000000000e+00	0.000000000000000000e+00	0.000000000000000000e+00	0.000000000000000000e+00	0.000000000000000000e+00	0.000000000000000000e+00	2.757352941176470651e+01	0.000000000000000000e+00	0.000000000000000000e+00	0.000000000000000000e+00	0.000000000000000000e+00	0.000000000000000000e+00	0.000000000000000000e+00	2.144607843137255188e+01	0.000000000000000000e+00	0.000000000000000000e+00
5.514705882352941302e+01	0.000000000000000000e+00	0.000000000000000000e+00	0.000000000000000000e+00	0.000000000000000000e+00	0.000000000000000000e+00	0.000000000000000000e+00	0.000000000000000000e+00	0.000000000000000000e+00	0.000000000000000000e+00	0.000000000000000000e+00	0.000000000000000000e+00	0.000000000000000000e+00	0.000000000000000000e+00	0.000000000000000000e+00	0.000000000000000000e+00	8.578431372549020750e+01	1.164215686274509949e+02	0.000000000000000000e+00	0.000000000000000000e+00
0.000000000000000000e+00	0.000000000000000000e+00	0.000000000000000000e+00	0.000000000000000000e+00	0.000000000000000000e+00	0.000000000000000000e+00	0.000000000000000000e+00	0.000000000000000000e+00	9.191176470588235503e+00	0.000000000000000000e+00	0.000000000000000000e+00	2.757352941176470651e+01	1.439950980392156907e+02	0.000000000000000000e+00	0.000000000000000000e+00	0.000000000000000000e+00	0.000000000000000000e+00	0.000000000000000000e+00	0.000000000000000000e+00	6.127450980392157476e+01
3.676470588235294201e+01	0.000000000000000000e+00	0.000000000000000000e+00	0.000000000000000000e+00	0.000000000000000000e+00	0.000000000000000000e+00	0.000000000000000000e+00	0.000000000000000000e+00	6.127450980392157298e+00	0.000000000000000000e+00	1.256127450980392268e+02	0.000000000000000000e+00	0.000000000000000000e+00	1.072303921568627487e+02	3.063725490196078649e+00	0.000000000000000000e+00	0.000000000000000000e+00	0.000000000000000000e+00	0.000000000000000000e+00	0.000000000000000000e+00
7.659313725490196134e+01	0.000000000000000000e+00	1.501225490196078454e+02	0.000000000000000000e+00	0.000000000000000000e+00	0.000000000000000000e+00	9.191176470588235503e+00	6.127450980392157298e+00	0.000000000000000000e+00	0.000000000000000000e+00	0.000000000000000000e+00	0.000000000000000000e+00	0.000000000000000000e+00	0.000000000000000000e+00	0.000000000000000000e+00	1.225490196078431460e+01	6.740196078431372939e+01	0.000000000000000000e+00	0.000000000000000000e+00	0.000000000000000000e+00
0.000000000000000000e+00	0.000000000000000000e+00	0.000000000000000000e+00	0.000000000000000000e+00	0.000000000000000000e+00	0.000000000000000000e+00	0.000000000000000000e+00	0.000000000000000000e+00	0.000000000000000000e+00	0.000000000000000000e+00	0.000000000000000000e+00	2.757352941176470651e+01	0.000000000000000000e+00	0.000000000000000000e+00	0.000000000000000000e+00	0.000000000000000000e+00	6.127450980392157476e+01	0.000000000000000000e+00	0.000000000000000000e+00	0.000000000000000000e+00
4.901960784313725839e+01	0.000000000000000000e+00	0.000000000000000000e+00	0.000000000000000000e+00	2.757352941176470651e+01	0.000000000000000000e+00	0.000000000000000000e+00	1.256127450980392268e+02	0.000000000000000000e+00	0.000000000000000000e+00	0.000000000000000000e+00	0.000000000000000000e+00	7.046568627450980671e+01	0.000000000000000000e+00	0.000000000000000000e+00	1.011029411764705941e+02	0.000000000000000000e+00	5.821078431372549744e+01	8.884803921568628482e+01	0.000000000000000000e+00
0.000000000000000000e+00	0.000000000000000000e+00	6.433823529411765207e+01	3.063725490196078738e+01	0.000000000000000000e+00	0.000000000000000000e+00	2.757352941176470651e+01	0.000000000000000000e+00	0.000000000000000000e+00	2.757352941176470651e+01	0.000000000000000000e+00	0.000000000000000000e+00	0.000000000000000000e+00	3.063725490196078649e+00	0.000000000000000000e+00	0.000000000000000000e+00	0.000000000000000000e+00	1.225490196078431460e+01	0.000000000000000000e+00	0.000000000000000000e+00
0.000000000000000000e+00	9.191176470588236214e+01	0.000000000000000000e+00	0.000000000000000000e+00	0.000000000000000000e+00	0.000000000000000000e+00	1.439950980392156907e+02	0.000000000000000000e+00	0.000000000000000000e+00	0.000000000000000000e+00	7.046568627450980671e+01	0.000000000000000000e+00	0.000000000000000000e+00	0.000000000000000000e+00	9.803921568627451677e+01	0.000000000000000000e+00	0.000000000000000000e+00	0.000000000000000000e+00	0.000000000000000000e+00	5.821078431372549744e+01
0.000000000000000000e+00	5.514705882352941302e+01	0.000000000000000000e+00	0.000000000000000000e+00	0.000000000000000000e+00	0.000000000000000000e+00	0.000000000000000000e+00	1.072303921568627487e+02	0.000000000000000000e+00	0.000000000000000000e+00	0.000000000000000000e+00	3.063725490196078649e+00	0.000000000000000000e+00	0.000000000000000000e+00	0.000000000000000000e+00	0.000000000000000000e+00	8.578431372549020750e+01	0.000000000000000000e+00	0.000000000000000000e+00	6.127450980392157476e+01
0.000000000000000000e+00	0.000000000000000000e+00	0.000000000000000000e+00	0.000000000000000000e+00	0.000000000000000000e+00	0.000000000000000000e+00	0.000000000000000000e+00	3.063725490196078649e+00	0.000000000000000000e+00	0.000000000000000000e+00	0.000000000000000000e+00	0.000000000000000000e+00	9.803921568627451677e+01	0.000000000000000000e+00	0.000000000000000000e+00	0.000000000000000000e+00	0.000000000000000000e+00	0.000000000000000000e+00	0.000000000000000000e+00	0.000000000000000000e+00
0.000000000000000000e+00	0.000000000000000000e+00	0.000000000000000000e+00	0.000000000000000000e+00	0.000000000000000000e+00	0.000000000000000000e+00	0.000000000000000000e+00	0.000000000000000000e+00	1.225490196078431460e+01	0.000000000000000000e+00	1.011029411764705941e+02	0.000000000000000000e+00	0.000000000000000000e+00	0.000000000000000000e+00	0.000000000000000000e+00	0.000000000000000000e+00	3.063725490196078738e+01	0.000000000000000000e+00	0.000000000000000000e+00	5.821078431372549744e+01
0.000000000000000000e+00	0.000000000000000000e+00	0.000000000000000000e+00	0.000000000000000000e+00	0.000000000000000000e+00	8.578431372549020750e+01	0.000000000000000000e+00	0.000000000000000000e+00	6.740196078431372939e+01	6.127450980392157476e+01	0.000000000000000000e+00	0.000000000000000000e+00	0.000000000000000000e+00	8.578431372549020750e+01	0.000000000000000000e+00	3.063725490196078738e+01	0.000000000000000000e+00	0.000000000000000000e+00	0.000000000000000000e+00	4.289215686274510375e+01
0.000000000000000000e+00	0.000000000000000000e+00	0.000000000000000000e+00	0.000000000000000000e+00	2.144607843137255188e+01	1.164215686274509949e+02	0.000000000000000000e+00	0.000000000000000000e+00	0.000000000000000000e+00	0.000000000000000000e+00	5.821078431372549744e+01	1.225490196078431460e+01	0.000000000000000000e+00	0.000000000000000000e+00	0.000000000000000000e+00	0.000000000000000000e+00	0.000000000000000000e+00	0.000000000000000000e+00	0.000000000000000000e+00	0.000000000000000000e+00
0.000000000000000000e+00	0.000000000000000000e+00	0.000000000000000000e+00	1.470588235294117680e+02	0.000000000000000000e+00	0.000000000000000000e+00	0.000000000000000000e+00	0.000000000000000000e+00	0.000000000000000000e+00	0.000000000000000000e+00	8.884803921568628482e+01	0.000000000000000000e+00	0.000000000000000000e+00	0.000000000000000000e+00	0.000000000000000000e+00	0.000000000000000000e+00	0.000000000000000000e+00	0.000000000000000000e+00	0.000000000000000000e+00	0.000000000000000000e+00
0.000000000000000000e+00	0.000000000000000000e+00	0.000000000000000000e+00	0.000000000000000000e+00	0.000000000000000000e+00	0.000000000000000000e+00	6.127450980392157476e+01	0.000000000000000000e+00	0.000000000000000000e+00	0.000000000000000000e+00	0.000000000000000000e+00	0.000000000000000000e+00	5.821078431372549744e+01	6.127450980392157476e+01	0.000000000000000000e+00	5.821078431372549744e+01	4.289215686274510375e+01	0.000000000000000000e+00	0.000000000000000000e+00	0.000000000000000000e+00
