0.000000000000000000e+00	0.000000000000000000e+00	0.000000000000000000e+00	0.000000000000000000e+00	1.118067978533094831e+01	0.000000000000000000e+00	1.788908765652951871e+01	0.000000000000000000e+00	0.000000000000000000e+00	0.000000000000000000e+00	7.826475849731664880e+01	0.000000000000000000e+00	0.000000000000000000e+00	4.025044722719141532e+01	0.000000000000000000e+00	8.497316636851520855e+01	0.000000000000000000e+00	0.000000000000000000e+00	0.000000000000000000e+00	2.236135957066189839e+00
0.000000000000000000e+00	0.000000000000000000e+00	0.000000000000000000e+00	0.000000000000000000e+00	0.000000000000000000e+00	6.037567084078712298e+01	0.000000000000000000e+00	0.000000000000000000e+00	0.000000000000000000e+00	4.472271914132379678e+00	0.000000000000000000e+00	0.000000000000000000e+00	0.000000000000000000e+00	1.050983899821109162e+02	0.000000000000000000e+00	0.000000000000000000e+00	0.000000000000000000e+00	0.000000000000000000e+00	0.000000000000000000e+00	0.000000000000000000e+00
0.000000000000000000e+00	0.000000000000000000e+00	0.000000000000000000e+00	0.000000000000000000e+00	9.391771019677997856e+01	0.000000000000000000e+00	0.000000000000000000e+00	6.484794275491950089e+01	0.000000000000000000e+00	0.000000000000000000e+00	0.000000000000000000e+00	0.000000000000000000e+00	0.000000000000000000e+00	0.000000000000000000e+00	0.000000000000000000e+00	0.000000000000000000e+00	1.341681574239713903e+01	7.155635062611807484e+01	0.000000000000000000e+00	0.000000000000000000e+00
0.000000000000000000e+00	0.000000000000000000e+00	0.000000000000000000e+00	0.000000000000000000e+00	0.000000000000000000e+00	0.000000000000000000e+00	0.000000000000000000e+00	0.000000000000000000e+00	0.000000000000000000e+00	0.000000000000000000e+00	0.000000000000000000e+00	0.000000000000000000e+00	8.944543828264758645e+01	0.000000000000000000e+00	2.012522361359570766e+01	0.000000000000000000e+00	4.025044722719141532e+01	0.000000000000000000e+00	0.000000000000000000e+00	0.000000000000000000e+00
1.118067978533094831e+01	0.000000000000000000e+00	9.391771019677997856e+01	0.000000000000000000e+00	0.000000000000000000e+00	0.000000000000000000e+00	0.000000000000000000e+00	0.000000000000000000e+00	0.000000000000000000e+00	0.000000000000000000e+00	0.000000000000000000e+00	7.826475849731664880e+01	0.000000000000000000e+00	0.000000000000000000e+00	0.000000000000000000e+00	0.000000000000000000e+00	0.000000000000000000e+00	0.000000000000000000e+00	0.000000000000000000e+00	4.472271914132379678e+00
0.000000000000000000e+00	6.037567084078712298e+01	0.000000000000000000e+00	0.000000000000000000e+00	0.000000000000000000e+00	0.000000000000000000e+00	0.000000000000000000e+00	5.143112701252236718e+01	0.000000000000000000e+00	1.095706618962433083e+02	0.000000000000000000e+00	0.000000000000000000e+00	4.472271914132379322e+01	0.000000000000000000e+00	0.000000000000000000e+00	0.000000000000000000e+00	6.708407871198569694e+01	0.000000000000000000e+00	1.118067978533094831e+01	0.000000000000000000e+00
1.788908765652951871e+01	0.000000000000000000e+00	0.000000000000000000e+00	0.000000000000000000e+00	0.000000000000000000e+00	0.000000000000000000e+00	0.000000000000000000e+00	0.000000000000000000e+00	0.000000000000000000e+00	0.000000000000000000e+00	0.000000000000000000e+00	7.379248658318427090e+01	0.000000000000000000e+00	0.000000000000000000e+00	0.000000000000000000e+00	5.143112701252236718e+01	0.000000000000000000e+00	0.000000000000000000e+00	0.000000000000000000e+00	4.248658318425760427e+01
0.000000000000000000e+00	0.000000000000000000e+00	6.484794275491950089e+01	0.000000000000000000e+00	0.000000000000000000e+00	5.143112701252236718e+01	0.000000000000000000e+00	0.000000000000000000e+00	0.000000000000000000e+00	0.000000000000000000e+00	2.012522361359570766e+01	7.379248658318427090e+01	0.000000000000000000e+00	0.000000000000000000e+00	0.000000000000000000e+00	0.000000000000000000e+00	0.000000000000000000e+00	0.000000000000000000e+00	0.000000000000000000e+00	0.000000000000000000e+00
0.000000000000000000e+00	0.000000000000000000e+00	0.000000000000000000e+00	0.000000000000000000e+00	0.000000000000000000e+00	0.000000000000000000e+00	0.000000000000000000e+00	0.000000000000000000e+00	0.000000000000000000e+00	0.000000000000000000e+00	0.000000000000000000e+00	0.000000000000000000e+00	0.000000000000000000e+00	0.000000000000000000e+00	0.000000000000000000e+00	0.000000000000000000e+00	0.000000000000000000e+00	0.000000000000000000e+00	0.000000000000000000e+00	3.801431127012522637e+01
0.000000000000000000e+00	4.472271914132379678e+00	0.000000000000000000e+00	0.000000000000000000e+00	0.000000000000000000e+00	1.095706618962433083e+02	0.000000000000000000e+00	0.000000000000000000e+00	0.000000000000000000e+00	0.000000000000000000e+00	0.000000000000000000e+00	8.050089445438283065e+01	6.484794275491950089e+01	0.000000000000000000e+00	0.000000000000000000e+00	0.000000000000000000e+00	0.000000000000000000e+00	0.000000000000000000e+00	0.000000000000000000e+00	5.143112701252236718e+01
7.826475849731664880e+01	0.000000000000000000e+00	0.000000000000000000e+00	0.000000000000000000e+00	0.000000000000000000e+00	0.000000000000000000e+00	0.000000000000000000e+00	2.012522361359570766e+01	0.000000000000000000e+00	0.000000000000000000e+00	0.000000000000000000e+00	1.341681574239713903e+01	0.000000000000000000e+00	0.000000000000000000e+00	5.813953488372093403e+01	0.000000000000000000e+00	0.000000000000000000e+00	0.000000000000000000e+00	0.000000000000000000e+00	0.000000000000000000e+00
0.000000000000000000e+00	0.000000000000000000e+00	0.000000000000000000e+00	0.000000000000000000e+00	7.826475849731664880e+01	0.000000000000000000e+00	7.379248658318427090e+01	7.379248658318427090e+01	0.000000000000000000e+00	8.050089445438283065e+01	1.341681574239713903e+01	0.000000000000000000e+00	0.000000000000000000e+00	3.801431127012522637e+01	0.000000000000000000e+00	6.484794275491950089e+01	6.708407871198569694e+01	0.000000000000000000e+00	0.000000000000000000e+00	0.000000000000000000e+00
0.000000000000000000e+00	0.000000000000000000e+00	0.000000000000000000e+00	8.944543828264758645e+01	0.000000000000000000e+00	4.472271914132379322e+01	0.000000000000000000e+00	0.000000000000000000e+00	0.000000000000000000e+00	6.484794275491950089e+01	0.000000000000000000e+00	0.000000000000000000e+00	0.000000000000000000e+00	0.000000000000000000e+00	0.000000000000000000e+00	0.000000000000000000e+00	0.000000000000000000e+00	8.050089445438283065e+01	0.000000000000000000e+00	0.000000000000000000e+00
4.025044722719141532e+01	1.050983899821109162e+02	0.000000000000000000e+00	0.000000000000000000e+00	0.000000000000000000e+00	0.000000000000000000e+00	0.000000000000000000e+00	0.000000000000000000e+00	0.000000000000000000e+00	0.000000000000000000e+00	0.000000000000000000e+00	3.801431127012522637e+01	0.000000000000000000e+00	0.000000000000000000e+00	0.000000000000000000e+00	0.000000000000000000e+00	0.000000000000000000e+00	0.000000000000000000e+00	0.000000000000000000e+00	6.261180679785331904e+01
0.000000000000000000e+00	0.000000000000000000e+00	0.000000000000000000e+00	2.012522361359570766e+01	0.000000000000000000e+00	0.000000000000000000e+00	0.000000000000000000e+00	0.000000000000000000e+00	0.000000000000000000e+00	0.000000000000000000e+00	5.813953488372093403e+01	0.000000000000000000e+00	0.000000000000000000e+00	0.000000000000000000e+00	0.000000000000000000e+00	5.813953488372093403e+01	1.028622540250447344e+02	6.484794275491950089e+01	0.000000000000000000e+00	0.000000000000000000e+00
8.497316636851520855e+01	0.000000000000000000e+00	0.000000000000000000e+00	0.000000000000000000e+00	0.000000000000000000e+00	0.000000000000000000e+00	5.143112701252236718e+01	0.000000000000000000e+00	0.000000000000000000e+00	0.000000000000000000e+00	0.000000000000000000e+00	6.484794275491950089e+01	0.000000000000000000e+00	0.000000000000000000e+00	5.813953488372093403e+01	0.000000000000000000e+00	0.000000000000000000e+00	0.000000000000000000e+00	0.000000000000000000e+00	7.826475849731664880e+01
0.000000000000000000e+00	0.000000000000000000e+00	1.341681574239713903e+01	4.025044722719141532e+01	0.000000000000000000e+00	6.708407871198569694e+01	0.000000000000000000e+00	0.000000000000000000e+00	0.000000000000000000e+00	0.000000000000000000e+00	0.000000000000000000e+00	6.708407871198569694e+01	0.000000000000000000e+00	0.000000000000000000e+00	1.028622540250447344e+02	0.000000000000000000e+00	0.000000000000000000e+00	5.813953488372093403e+01	0.000000000000000000e+00	0.000000000000000000e+00
0.000000000000000000e+00	0.000000000000000000e+00	7.155635062611807484e+01	0.000000000000000000e+00	0.000000000000000000e+00	0.000000000000000000e+00	0.000000000000000000e+00	0.000000000000000000e+00	0.000000000000000000e+00	0.000000000000000000e+00	0.000000000000000000e+00	0.000000000000000000e+00	8.050089445438283065e+01	0.000000000000000000e+00	6.484794275491950089e+01	0.000000000000000000e+00	5.813953488372093403e+01	0.000000000000000000e+00	0.000000000000000000e+00	9.168157423971378250e+01
0.000000000000000000e+00	0.000000000000000000e+00	0.000000000000000000e+00	0.000000000000000000e+00	0.000000000000000000e+00	1.118067978533094831e+01	0.000000000000000000e+00	0.000000000000000000e+00	0.000000000000000000e+00	0.000000000000000000e+00	0.000000000000000000e+00	0.000000000000000000e+00	0.000000000000000000e+00	0.000000000000000000e+00	0.000000000000000000e+00	0.000000000000000000e+00	0.000000000000000000e+00	0.000000000000000000e+00	0.000000000000000000e+00	0.000000000000000000e+00
2.236135957066189839e+00	0.000000000000000000e+00	0.000000000000000000e+00	0.000000000000000000e+00	4.472271914132379678e+00	0.000000000000000000e+00	4.248658318425760427e+01	0.000000000000000000e+00	3.801431127012522637e+01	5.143112701252236718e+01	0.000000000000000000e+00	0.000000000000000000e+00	0.000000000000000000e+00	6.261180679785331904e+01	0.000000000000000000e+00	7.826475849731664880e+01	0.000000000000000000e+00	9.168157423971378250e+01	0.000000000000000000e+00	0.000000000000000000e+00
