0.000000000000000000e+00	3.597122302158273754e+01	0.000000000000000000e+00	5.395683453237410276e+01	0.000000000000000000e+00	0.000000000000000000e+00	0.000000000000000000e+00	0.000000000000000000e+00	0.000000000000000000e+00	0.000000000000000000e+00	0.000000000000000000e+00	0.000000000000000000e+00	0.000000000000000000e+00	4.881808838643371473e+01	0.000000000000000000e+00	0.000000000000000000e+00	0.000000000000000000e+00	0.000000000000000000e+00	7.708119218910585602e+00	0.000000000000000000e+00
3.597122302158273754e+01	0.000000000000000000e+00	0.000000000000000000e+00	0.000000000000000000e+00	2.826310380267214839e+01	0.000000000000000000e+00	0.000000000000000000e+00	0.000000000000000000e+00	0.000000000000000000e+00	0.000000000000000000e+00	0.000000000000000000e+00	0.000000000000000000e+00	0.000000000000000000e+00	0.000000000000000000e+00	0.000000000000000000e+00	1.027749229188078175e+02	8.221993833504625115e+01	0.000000000000000000e+00	0.000000000000000000e+00	1.027749229188078175e+02
0.000000000000000000e+00	0.000000000000000000e+00	0.000000000000000000e+00	5.652620760534429678e+01	0.000000000000000000e+00	0.000000000000000000e+00	0.000000000000000000e+00	0.000000000000000000e+00	0.000000000000000000e+00	9.763617677286742946e+01	0.000000000000000000e+00	0.000000000000000000e+00	7.194244604316547509e+01	1.284686536485097719e+01	4.881808838643371473e+01	0.000000000000000000e+00	0.000000000000000000e+00	0.000000000000000000e+00	6.423432682425487883e+01	0.000000000000000000e+00
5.395683453237410276e+01	0.000000000000000000e+00	5.652620760534429678e+01	0.000000000000000000e+00	0.000000000000000000e+00	0.000000000000000000e+00	0.000000000000000000e+00	0.000000000000000000e+00	2.569373072970195437e+01	0.000000000000000000e+00	0.000000000000000000e+00	0.000000000000000000e+00	0.000000000000000000e+00	0.000000000000000000e+00	0.000000000000000000e+00	0.000000000000000000e+00	0.000000000000000000e+00	1.284686536485097719e+01	0.000000000000000000e+00	0.000000000000000000e+00
0.000000000000000000e+00	2.826310380267214839e+01	0.000000000000000000e+00	0.000000000000000000e+00	0.000000000000000000e+00	2.055498458376156279e+01	0.000000000000000000e+00	0.000000000000000000e+00	0.000000000000000000e+00	1.284686536485097719e+01	0.000000000000000000e+00	0.000000000000000000e+00	0.000000000000000000e+00	0.000000000000000000e+00	0.000000000000000000e+00	0.000000000000000000e+00	8.221993833504625115e+01	1.104830421377183995e+02	0.000000000000000000e+00	0.000000000000000000e+00
0.000000000000000000e+00	0.000000000000000000e+00	0.000000000000000000e+00	0.000000000000000000e+00	2.055498458376156279e+01	0.000000000000000000e+00	1.233299075025693696e+02	0.000000000000000000e+00	1.130524152106885936e+02	0.000000000000000000e+00	0.000000000000000000e+00	7.708119218910586312e+01	0.000000000000000000e+00	0.000000000000000000e+00	0.000000000000000000e+00	0.000000000000000000e+00	0.000000000000000000e+00	0.000000000000000000e+00	4.881808838643371473e+01	0.000000000000000000e+00
0.000000000000000000e+00	0.000000000000000000e+00	0.000000000000000000e+00	0.000000000000000000e+00	0.000000000000000000e+00	1.233299075025693696e+02	0.000000000000000000e+00	0.000000000000000000e+00	0.000000000000000000e+00	1.258992805755395779e+02	0.000000000000000000e+00	0.000000000000000000e+00	0.000000000000000000e+00	0.000000000000000000e+00	5.138746145940390875e+01	0.000000000000000000e+00	0.000000000000000000e+00	1.104830421377183995e+02	0.000000000000000000e+00	0.000000000000000000e+00
0.000000000000000000e+00	0.000000000000000000e+00	0.000000000000000000e+00	0.000000000000000000e+00	0.000000000000000000e+00	0.000000000000000000e+00	0.000000000000000000e+00	0.000000000000000000e+00	0.000000000000000000e+00	0.000000000000000000e+00	1.798561151079136877e+01	0.000000000000000000e+00	0.000000000000000000e+00	0.000000000000000000e+00	0.000000000000000000e+00	0.000000000000000000e+00	0.000000000000000000e+00	0.000000000000000000e+00	0.000000000000000000e+00	3.340184994861253642e+01
0.000000000000000000e+00	0.000000000000000000e+00	0.000000000000000000e+00	2.569373072970195437e+01	0.000000000000000000e+00	1.130524152106885936e+02	0.000000000000000000e+00	0.000000000000000000e+00	0.000000000000000000e+00	0.000000000000000000e+00	0.000000000000000000e+00	0.000000000000000000e+00	0.000000000000000000e+00	0.000000000000000000e+00	0.000000000000000000e+00	0.000000000000000000e+00	0.000000000000000000e+00	0.000000000000000000e+00	0.000000000000000000e+00	7.451181911613566911e+01
0.000000000000000000e+00	0.000000000000000000e+00	9.763617677286742946e+01	0.000000000000000000e+00	1.284686536485097719e+01	0.000000000000000000e+00	1.258992805755395779e+02	0.000000000000000000e+00	0.000000000000000000e+00	0.000000000000000000e+00	0.000000000000000000e+00	0.000000000000000000e+00	0.000000000000000000e+00	0.000000000000000000e+00	2.312435765673175680e+01	0.000000000000000000e+00	1.079136690647482055e+02	0.000000000000000000e+00	0.000000000000000000e+00	0.000000000000000000e+00
0.000000000000000000e+00	0.000000000000000000e+00	0.000000000000000000e+00	0.000000000000000000e+00	0.000000000000000000e+00	0.000000000000000000e+00	0.000000000000000000e+00	1.798561151079136877e+01	0.000000000000000000e+00	0.000000000000000000e+00	0.000000000000000000e+00	0.000000000000000000e+00	1.207605344295991756e+02	0.000000000000000000e+00	2.569373072970195349e+00	0.000000000000000000e+00	0.000000000000000000e+00	0.000000000000000000e+00	1.104830421377183995e+02	0.000000000000000000e+00
0.000000000000000000e+00	0.000000000000000000e+00	0.000000000000000000e+00	0.000000000000000000e+00	0.000000000000000000e+00	7.708119218910586312e+01	0.000000000000000000e+00	0.000000000000000000e+00	0.000000000000000000e+00	0.000000000000000000e+00	0.000000000000000000e+00	0.000000000000000000e+00	4.881808838643371473e+01	0.000000000000000000e+00	0.000000000000000000e+00	0.000000000000000000e+00	0.000000000000000000e+00	0.000000000000000000e+00	0.000000000000000000e+00	0.000000000000000000e+00
0.000000000000000000e+00	0.000000000000000000e+00	7.194244604316547509e+01	0.000000000000000000e+00	0.000000000000000000e+00	0.000000000000000000e+00	0.000000000000000000e+00	0.000000000000000000e+00	0.000000000000000000e+00	0.000000000000000000e+00	1.207605344295991756e+02	4.881808838643371473e+01	0.000000000000000000e+00	0.000000000000000000e+00	0.000000000000000000e+00	0.000000000000000000e+00	0.000000000000000000e+00	3.854059609455293156e+01	0.000000000000000000e+00	0.000000000000000000e+00
4.881808838643371473e+01	0.000000000000000000e+00	1.284686536485097719e+01	0.000000000000000000e+00	0.000000000000000000e+00	0.000000000000000000e+00	0.000000000000000000e+00	0.000000000000000000e+00	0.000000000000000000e+00	0.000000000000000000e+00	0.000000000000000000e+00	0.000000000000000000e+00	0.000000000000000000e+00	0.000000000000000000e+00	0.000000000000000000e+00	0.000000000000000000e+00	0.000000000000000000e+00	1.079136690647482055e+02	7.451181911613566911e+01	0.000000000000000000e+00
0.000000000000000000e+00	0.000000000000000000e+00	4.881808838643371473e+01	0.000000000000000000e+00	0.000000000000000000e+00	0.000000000000000000e+00	5.138746145940390875e+01	0.000000000000000000e+00	0.000000000000000000e+00	2.312435765673175680e+01	2.569373072970195349e+00	0.000000000000000000e+00	0.000000000000000000e+00	0.000000000000000000e+00	0.000000000000000000e+00	0.000000000000000000e+00	0.000000000000000000e+00	0.000000000000000000e+00	0.000000000000000000e+00	0.000000000000000000e+00
0.000000000000000000e+00	1.027749229188078175e+02	0.000000000000000000e+00	0.000000000000000000e+00	0.000000000000000000e+00	0.000000000000000000e+00	0.000000000000000000e+00	0.000000000000000000e+00	0.000000000000000000e+00	0.000000000000000000e+00	0.000000000000000000e+00	0.000000000000000000e+00	0.000000000000000000e+00	0.000000000000000000e+00	0.000000000000000000e+00	0.000000000000000000e+00	0.000000000000000000e+00	0.000000000000000000e+00	0.000000000000000000e+00	0.000000000000000000e+00
0.000000000000000000e+00	8.221993833504625115e+01	0.000000000000000000e+00	0.000000000000000000e+00	8.221993833504625115e+01	0.000000000000000000e+00	0.000000000000000000e+00	0.000000000000000000e+00	0.000000000000000000e+00	1.079136690647482055e+02	0.000000000000000000e+00	0.000000000000000000e+00	0.000000000000000000e+00	0.000000000000000000e+00	0.000000000000000000e+00	0.000000000000000000e+00	0.000000000000000000e+00	0.000000000000000000e+00	1.027749229188078139e+01	0.000000000000000000e+00
0.000000000000000000e+00	0.000000000000000000e+00	0.000000000000000000e+00	1.284686536485097719e+01	1.104830421377183995e+02	0.000000000000000000e+00	1.104830421377183995e+02	0.000000000000000000e+00	0.000000000000000000e+00	0.000000000000000000e+00	0.000000000000000000e+00	0.000000000000000000e+00	3.854059609455293156e+01	1.079136690647482055e+02	0.000000000000000000e+00	0.000000000000000000e+00	0.000000000000000000e+00	0.000000000000000000e+00	0.000000000000000000e+00	0.000000000000000000e+00
7.708119218910585602e+00	0.000000000000000000e+00	6.423432682425487883e+01	0.000000000000000000e+00	0.000000000000000000e+00	4.881808838643371473e+01	0.000000000000000000e+00	0.000000000000000000e+00	0.000000000000000000e+00	0.000000000000000000e+00	1.104830421377183995e+02	0.000000000000000000e+00	0.000000000000000000e+00	7.451181911613566911e+01	0.000000000000000000e+00	0.000000000000000000e+00	1.027749229188078139e+01	0.000000000000000000e+00	0.000000000000000000e+00	0.000000000000000000e+00
0.000000000000000000e+00	1.027749229188078175e+02	0.000000000000000000e+00	0.000000000000000000e+00	0.000000000000000000e+00	0.000000000000000000e+00	0.000000000000000000e+00	3.340184994861253642e+01	7.451181911613566911e+01	0.000000000000000000e+00	0.000000000000000000e+00	0.000000000000000000e+00	0.000000000000000000e+00	0.000000000000000000e+00	0.000000000000000000e+00	0.000000000000000000e+00	0.000000000000000000e+00	0.000000000000000000e+00	0.000000000000000000e+00	0.000000000000000000e+00
