0.000000000000000000e+00	9.900990099009901257e+01	6.300630063006300929e+01	0.000000000000000000e+00	2.250225022502250205e+00	0.000000000000000000e+00	9.000900090009000110e+01	7.200720072007200656e+01	0.000000000000000000e+00	0.000000000000000000e+00	9.450945094509451394e+01	4.050405040504050191e+01	0.000000000000000000e+00	0.000000000000000000e+00	0.000000000000000000e+00	0.000000000000000000e+00	8.325832583258325315e+01	0.000000000000000000e+00	0.000000000000000000e+00	0.000000000000000000e+00
9.900990099009901257e+01	0.000000000000000000e+00	0.000000000000000000e+00	0.000000000000000000e+00	0.000000000000000000e+00	0.000000000000000000e+00	0.000000000000000000e+00	0.000000000000000000e+00	1.350135013501350123e+01	0.000000000000000000e+00	0.000000000000000000e+00	0.000000000000000000e+00	0.000000000000000000e+00	0.000000000000000000e+00	0.000000000000000000e+00	0.000000000000000000e+00	0.000000000000000000e+00	0.000000000000000000e+00	0.000000000000000000e+00	2.925292529252925178e+01
6.300630063006300929e+01	0.000000000000000000e+00	0.000000000000000000e+00	0.000000000000000000e+00	2.250225022502250205e+00	0.000000000000000000e+00	7.875787578757875451e+01	3.600360036003600328e+01	0.000000000000000000e+00	0.000000000000000000e+00	0.000000000000000000e+00	0.000000000000000000e+00	0.000000000000000000e+00	0.000000000000000000e+00	7.200720072007200656e+01	0.000000000000000000e+00	0.000000000000000000e+00	4.050405040504050191e+01	0.000000000000000000e+00	0.000000000000000000e+00
0.000000000000000000e+00	0.000000000000000000e+00	0.000000000000000000e+00	0.000000000000000000e+00	9.900990099009901257e+01	4.725472547254725697e+01	3.600360036003600328e+01	0.000000000000000000e+00	2.250225022502250205e+00	0.000000000000000000e+00	4.725472547254725697e+01	0.000000000000000000e+00	6.300630063006300929e+01	0.000000000000000000e+00	0.000000000000000000e+00	0.000000000000000000e+00	0.000000000000000000e+00	0.000000000000000000e+00	4.500450045004500055e+01	0.000000000000000000e+00
2.250225022502250205e+00	0.000000000000000000e+00	2.250225022502250205e+00	9.900990099009901257e+01	0.000000000000000000e+00	0.000000000000000000e+00	0.000000000000000000e+00	0.000000000000000000e+00	0.000000000000000000e+00	0.000000000000000000e+00	0.000000000000000000e+00	0.000000000000000000e+00	9.450945094509451394e+01	6.075607560756075287e+01	0.000000000000000000e+00	3.600360036003600328e+01	0.000000000000000000e+00	0.000000000000000000e+00	0.000000000000000000e+00	0.000000000000000000e+00
0.000000000000000000e+00	0.000000000000000000e+00	0.000000000000000000e+00	4.725472547254725697e+01	0.000000000000000000e+00	0.000000000000000000e+00	0.000000000000000000e+00	0.000000000000000000e+00	9.450945094509451394e+01	0.000000000000000000e+00	0.000000000000000000e+00	0.000000000000000000e+00	0.000000000000000000e+00	0.000000000000000000e+00	0.000000000000000000e+00	0.000000000000000000e+00	0.000000000000000000e+00	4.950495049504950629e+01	0.000000000000000000e+00	0.000000000000000000e+00
9.000900090009000110e+01	0.000000000000000000e+00	7.875787578757875451e+01	3.600360036003600328e+01	0.000000000000000000e+00	0.000000000000000000e+00	0.000000000000000000e+00	6.300630063006300929e+01	2.250225022502250027e+01	0.000000000000000000e+00	0.000000000000000000e+00	0.000000000000000000e+00	0.000000000000000000e+00	3.375337533753375396e+01	1.350135013501350123e+01	0.000000000000000000e+00	0.000000000000000000e+00	0.000000000000000000e+00	0.000000000000000000e+00	0.000000000000000000e+00
7.200720072007200656e+01	0.000000000000000000e+00	3.600360036003600328e+01	0.000000000000000000e+00	0.000000000000000000e+00	0.000000000000000000e+00	6.300630063006300929e+01	0.000000000000000000e+00	0.000000000000000000e+00	0.000000000000000000e+00	0.000000000000000000e+00	1.800180018001800164e+01	0.000000000000000000e+00	0.000000000000000000e+00	0.000000000000000000e+00	5.850585058505850355e+01	0.000000000000000000e+00	1.350135013501350123e+01	0.000000000000000000e+00	0.000000000000000000e+00
0.000000000000000000e+00	1.350135013501350123e+01	0.000000000000000000e+00	2.250225022502250205e+00	0.000000000000000000e+00	9.450945094509451394e+01	2.250225022502250027e+01	0.000000000000000000e+00	0.000000000000000000e+00	0.000000000000000000e+00	9.000900090009000820e+00	0.000000000000000000e+00	0.000000000000000000e+00	0.000000000000000000e+00	0.000000000000000000e+00	0.000000000000000000e+00	6.300630063006300929e+01	0.000000000000000000e+00	0.000000000000000000e+00	4.950495049504950629e+01
0.000000000000000000e+00	0.000000000000000000e+00	0.000000000000000000e+00	0.000000000000000000e+00	0.000000000000000000e+00	0.000000000000000000e+00	0.000000000000000000e+00	0.000000000000000000e+00	0.000000000000000000e+00	0.000000000000000000e+00	0.000000000000000000e+00	0.000000000000000000e+00	0.000000000000000000e+00	0.000000000000000000e+00	5.175517551755175560e+01	6.075607560756075287e+01	0.000000000000000000e+00	0.000000000000000000e+00	0.000000000000000000e+00	0.000000000000000000e+00
9.450945094509451394e+01	0.000000000000000000e+00	0.000000000000000000e+00	4.725472547254725697e+01	0.000000000000000000e+00	0.000000000000000000e+00	0.000000000000000000e+00	0.000000000000000000e+00	9.000900090009000820e+00	0.000000000000000000e+00	0.000000000000000000e+00	0.000000000000000000e+00	0.000000000000000000e+00	0.000000000000000000e+00	0.000000000000000000e+00	1.080108010801080098e+02	0.000000000000000000e+00	0.000000000000000000e+00	0.000000000000000000e+00	0.000000000000000000e+00
4.050405040504050191e+01	0.000000000000000000e+00	0.000000000000000000e+00	0.000000000000000000e+00	0.000000000000000000e+00	0.000000000000000000e+00	0.000000000000000000e+00	1.800180018001800164e+01	0.000000000000000000e+00	0.000000000000000000e+00	0.000000000000000000e+00	0.000000000000000000e+00	0.000000000000000000e+00	0.000000000000000000e+00	0.000000000000000000e+00	5.625562556255625424e+01	0.000000000000000000e+00	0.000000000000000000e+00	0.000000000000000000e+00	9.225922592259226462e+01
0.000000000000000000e+00	0.000000000000000000e+00	0.000000000000000000e+00	6.300630063006300929e+01	9.450945094509451394e+01	0.000000000000000000e+00	0.000000000000000000e+00	0.000000000000000000e+00	0.000000000000000000e+00	0.000000000000000000e+00	0.000000000000000000e+00	0.000000000000000000e+00	0.000000000000000000e+00	6.750675067506750615e+00	0.000000000000000000e+00	0.000000000000000000e+00	0.000000000000000000e+00	0.000000000000000000e+00	2.925292529252925178e+01	0.000000000000000000e+00
0.000000000000000000e+00	0.000000000000000000e+00	0.000000000000000000e+00	0.000000000000000000e+00	6.075607560756075287e+01	0.000000000000000000e+00	3.375337533753375396e+01	0.000000000000000000e+00	0.000000000000000000e+00	0.000000000000000000e+00	0.000000000000000000e+00	0.000000000000000000e+00	6.750675067506750615e+00	0.000000000000000000e+00	0.000000000000000000e+00	8.775877587758775178e+01	5.175517551755175560e+01	0.000000000000000000e+00	0.000000000000000000e+00	1.350135013501350123e+01
0.000000000000000000e+00	0.000000000000000000e+00	7.200720072007200656e+01	0.000000000000000000e+00	0.000000000000000000e+00	0.000000000000000000e+00	1.350135013501350123e+01	0.000000000000000000e+00	0.000000000000000000e+00	5.175517551755175560e+01	0.000000000000000000e+00	0.000000000000000000e+00	0.000000000000000000e+00	0.000000000000000000e+00	0.000000000000000000e+00	2.250225022502250205e+00	1.012601260126012619e+02	0.000000000000000000e+00	0.000000000000000000e+00	0.000000000000000000e+00
0.000000000000000000e+00	0.000000000000000000e+00	0.000000000000000000e+00	0.000000000000000000e+00	3.600360036003600328e+01	0.000000000000000000e+00	0.000000000000000000e+00	5.850585058505850355e+01	0.000000000000000000e+00	6.075607560756075287e+01	1.080108010801080098e+02	5.625562556255625424e+01	0.000000000000000000e+00	8.775877587758775178e+01	2.250225022502250205e+00	0.000000000000000000e+00	0.000000000000000000e+00	0.000000000000000000e+00	0.000000000000000000e+00	0.000000000000000000e+00
8.325832583258325315e+01	0.000000000000000000e+00	0.000000000000000000e+00	0.000000000000000000e+00	0.000000000000000000e+00	0.000000000000000000e+00	0.000000000000000000e+00	0.000000000000000000e+00	6.300630063006300929e+01	0.000000000000000000e+00	0.000000000000000000e+00	0.000000000000000000e+00	0.000000000000000000e+00	5.175517551755175560e+01	1.012601260126012619e+02	0.000000000000000000e+00	0.000000000000000000e+00	0.000000000000000000e+00	0.000000000000000000e+00	0.000000000000000000e+00
0.000000000000000000e+00	0.000000000000000000e+00	4.050405040504050191e+01	0.000000000000000000e+00	0.000000000000000000e+00	4.950495049504950629e+01	0.000000000000000000e+00	1.350135013501350123e+01	0.000000000000000000e+00	0.000000000000000000e+00	0.000000000000000000e+00	0.000000000000000000e+00	0.000000000000000000e+00	0.000000000000000000e+00	0.000000000000000000e+00	0.000000000000000000e+00	0.000000000000000000e+00	0.000000000000000000e+00	0.000000000000000000e+00	0.000000000000000000e+00
0.000000000000000000e+00	0.000000000000000000e+00	0.000000000000000000e+00	4.500450045004500055e+01	0.000000000000000000e+00	0.000000000000000000e+00	0.000000000000000000e+00	0.000000000000000000e+00	0.000000000000000000e+00	0.000000000000000000e+00	0.000000000000000000e+00	0.000000000000000000e+00	2.925292529252925178e+01	0.000000000000000000e+00	0.000000000000000000e+00	0.000000000000000000e+00	0.000000000000000000e+00	0.000000000000000000e+00	0.000000000000000000e+00	2.250225022502250205e+00
0.000000000000000000e+00	2.925292529252925178e+01	0.000000000000000000e+00	0.000000000000000000e+00	0.000000000000000000e+00	0.000000000000000000e+00	0.000000000000000000e+00	0.000000000000000000e+00	4.950495049504950629e+01	0.000000000000000000e+00	0.000000000000000000e+00	9.225922592259226462e+01	0.000000000000000000e+00	1.350135013501350123e+01	0.000000000000000000e+00	0.000000000000000000e+00	0.000000000000000000e+00	0.000000000000000000e+00	2.250225022502250205e+00	0.000000000000000000e+00
