0.000000000000000000e+00	0.000000000000000000e+00	0.000000000000000000e+00	0.000000000000000000e+00	0.000000000000000000e+00	0.000000000000000000e+00	0.000000000000000000e+00	0.000000000000000000e+00	0.000000000000000000e+00	0.000000000000000000e+00	0.000000000000000000e+00	0.000000000000000000e+00	2.803261977573904318e+01	0.000000000000000000e+00	0.000000000000000000e+00	0.000000000000000000e+00	0.000000000000000000e+00	0.000000000000000000e+00	0.000000000000000000e+00	0.000000000000000000e+00
0.000000000000000000e+00	0.000000000000000000e+00	0.000000000000000000e+00	0.000000000000000000e+00	3.058103975535168217e+01	0.000000000000000000e+00	0.000000000000000000e+00	0.000000000000000000e+00	0.000000000000000000e+00	0.000000000000000000e+00	0.000000000000000000e+00	8.154943934760449054e+01	0.000000000000000000e+00	1.274209989806320209e+01	0.000000000000000000e+00	7.645259938837921254e+01	0.000000000000000000e+00	0.000000000000000000e+00	0.000000000000000000e+00	0.000000000000000000e+00
0.000000000000000000e+00	0.000000000000000000e+00	0.000000000000000000e+00	3.567787971457696727e+01	0.000000000000000000e+00	0.000000000000000000e+00	1.019367991845056167e+02	0.000000000000000000e+00	1.172273190621814507e+02	0.000000000000000000e+00	0.000000000000000000e+00	0.000000000000000000e+00	3.058103975535168217e+01	1.146788990825688188e+02	0.000000000000000000e+00	0.000000000000000000e+00	7.135575942915393455e+01	0.000000000000000000e+00	0.000000000000000000e+00	0.000000000000000000e+00
0.000000000000000000e+00	0.000000000000000000e+00	3.567787971457696727e+01	0.000000000000000000e+00	0.000000000000000000e+00	0.000000000000000000e+00	0.000000000000000000e+00	5.096839959225280836e+01	0.000000000000000000e+00	0.000000000000000000e+00	0.000000000000000000e+00	2.038735983690112263e+01	0.000000000000000000e+00	0.000000000000000000e+00	0.000000000000000000e+00	0.000000000000000000e+00	0.000000000000000000e+00	0.000000000000000000e+00	0.000000000000000000e+00	1.223241590214067287e+02
0.000000000000000000e+00	3.058103975535168217e+01	0.000000000000000000e+00	0.000000000000000000e+00	0.000000000000000000e+00	0.000000000000000000e+00	0.000000000000000000e+00	0.000000000000000000e+00	0.000000000000000000e+00	0.000000000000000000e+00	9.174311926605504652e+01	0.000000000000000000e+00	0.000000000000000000e+00	0.000000000000000000e+00	0.000000000000000000e+00	6.880733944954128845e+01	0.000000000000000000e+00	0.000000000000000000e+00	0.000000000000000000e+00	0.000000000000000000e+00
0.000000000000000000e+00	0.000000000000000000e+00	0.000000000000000000e+00	0.000000000000000000e+00	0.000000000000000000e+00	0.000000000000000000e+00	0.000000000000000000e+00	0.000000000000000000e+00	0.000000000000000000e+00	0.000000000000000000e+00	0.000000000000000000e+00	0.000000000000000000e+00	0.000000000000000000e+00	0.000000000000000000e+00	6.880733944954128845e+01	0.000000000000000000e+00	1.070336391437308947e+02	0.000000000000000000e+00	1.197757390417940968e+02	0.000000000000000000e+00
0.000000000000000000e+00	0.000000000000000000e+00	1.019367991845056167e+02	0.000000000000000000e+00	0.000000000000000000e+00	0.000000000000000000e+00	0.000000000000000000e+00	0.000000000000000000e+00	0.000000000000000000e+00	0.000000000000000000e+00	0.000000000000000000e+00	0.000000000000000000e+00	0.000000000000000000e+00	0.000000000000000000e+00	1.274209989806320209e+01	5.351681957186544736e+01	0.000000000000000000e+00	0.000000000000000000e+00	0.000000000000000000e+00	1.070336391437308947e+02
0.000000000000000000e+00	0.000000000000000000e+00	0.000000000000000000e+00	5.096839959225280836e+01	0.000000000000000000e+00	0.000000000000000000e+00	0.000000000000000000e+00	0.000000000000000000e+00	0.000000000000000000e+00	1.274209989806320209e+01	0.000000000000000000e+00	2.803261977573904318e+01	0.000000000000000000e+00	0.000000000000000000e+00	2.293577981651376163e+01	0.000000000000000000e+00	0.000000000000000000e+00	0.000000000000000000e+00	0.000000000000000000e+00	0.000000000000000000e+00
0.000000000000000000e+00	0.000000000000000000e+00	1.172273190621814507e+02	0.000000000000000000e+00	0.000000000000000000e+00	0.000000000000000000e+00	0.000000000000000000e+00	0.000000000000000000e+00	0.000000000000000000e+00	0.000000000000000000e+00	1.223241590214067287e+02	8.664627930682976853e+01	0.000000000000000000e+00	0.000000000000000000e+00	0.000000000000000000e+00	2.803261977573904318e+01	0.000000000000000000e+00	0.000000000000000000e+00	0.000000000000000000e+00	0.000000000000000000e+00
0.000000000000000000e+00	0.000000000000000000e+00	0.000000000000000000e+00	0.000000000000000000e+00	0.000000000000000000e+00	0.000000000000000000e+00	0.000000000000000000e+00	1.274209989806320209e+01	0.000000000000000000e+00	0.000000000000000000e+00	0.000000000000000000e+00	0.000000000000000000e+00	0.000000000000000000e+00	0.000000000000000000e+00	0.000000000000000000e+00	1.095820591233435408e+02	0.000000000000000000e+00	0.000000000000000000e+00	0.000000000000000000e+00	0.000000000000000000e+00
0.000000000000000000e+00	0.000000000000000000e+00	0.000000000000000000e+00	0.000000000000000000e+00	9.174311926605504652e+01	0.000000000000000000e+00	0.000000000000000000e+00	0.000000000000000000e+00	1.223241590214067287e+02	0.000000000000000000e+00	0.000000000000000000e+00	4.077471967380224527e+01	0.000000000000000000e+00	0.000000000000000000e+00	0.000000000000000000e+00	0.000000000000000000e+00	0.000000000000000000e+00	7.135575942915393455e+01	0.000000000000000000e+00	0.000000000000000000e+00
0.000000000000000000e+00	8.154943934760449054e+01	0.000000000000000000e+00	2.038735983690112263e+01	0.000000000000000000e+00	0.000000000000000000e+00	0.000000000000000000e+00	2.803261977573904318e+01	8.664627930682976853e+01	0.000000000000000000e+00	4.077471967380224527e+01	0.000000000000000000e+00	0.000000000000000000e+00	0.000000000000000000e+00	0.000000000000000000e+00	2.548419979612640418e+01	9.938837920489297062e+01	1.783893985728848364e+01	0.000000000000000000e+00	0.000000000000000000e+00
2.803261977573904318e+01	0.000000000000000000e+00	3.058103975535168217e+01	0.000000000000000000e+00	0.000000000000000000e+00	0.000000000000000000e+00	0.000000000000000000e+00	0.000000000000000000e+00	0.000000000000000000e+00	0.000000000000000000e+00	0.000000000000000000e+00	0.000000000000000000e+00	0.000000000000000000e+00	0.000000000000000000e+00	0.000000000000000000e+00	0.000000000000000000e+00	0.000000000000000000e+00	0.000000000000000000e+00	0.000000000000000000e+00	0.000000000000000000e+00
0.000000000000000000e+00	1.274209989806320209e+01	1.146788990825688188e+02	0.000000000000000000e+00	0.000000000000000000e+00	0.000000000000000000e+00	0.000000000000000000e+00	0.000000000000000000e+00	0.000000000000000000e+00	0.000000000000000000e+00	0.000000000000000000e+00	0.000000000000000000e+00	0.000000000000000000e+00	0.000000000000000000e+00	0.000000000000000000e+00	2.803261977573904318e+01	0.000000000000000000e+00	4.332313965341488426e+01	0.000000000000000000e+00	0.000000000000000000e+00
0.000000000000000000e+00	0.000000000000000000e+00	0.000000000000000000e+00	0.000000000000000000e+00	0.000000000000000000e+00	6.880733944954128845e+01	1.274209989806320209e+01	2.293577981651376163e+01	0.000000000000000000e+00	0.000000000000000000e+00	0.000000000000000000e+00	0.000000000000000000e+00	0.000000000000000000e+00	0.000000000000000000e+00	0.000000000000000000e+00	7.645259938837920544e+00	0.000000000000000000e+00	0.000000000000000000e+00	0.000000000000000000e+00	0.000000000000000000e+00
0.000000000000000000e+00	7.645259938837921254e+01	0.000000000000000000e+00	0.000000000000000000e+00	6.880733944954128845e+01	0.000000000000000000e+00	5.351681957186544736e+01	0.000000000000000000e+00	2.803261977573904318e+01	1.095820591233435408e+02	0.000000000000000000e+00	2.548419979612640418e+01	0.000000000000000000e+00	2.803261977573904318e+01	7.645259938837920544e+00	0.000000000000000000e+00	0.000000000000000000e+00	0.000000000000000000e+00	0.000000000000000000e+00	0.000000000000000000e+00
0.000000000000000000e+00	0.000000000000000000e+00	7.135575942915393455e+01	0.000000000000000000e+00	0.000000000000000000e+00	1.070336391437308947e+02	0.000000000000000000e+00	0.000000000000000000e+00	0.000000000000000000e+00	0.000000000000000000e+00	0.000000000000000000e+00	9.938837920489297062e+01	0.000000000000000000e+00	0.000000000000000000e+00	0.000000000000000000e+00	0.000000000000000000e+00	0.000000000000000000e+00	0.000000000000000000e+00	0.000000000000000000e+00	1.172273190621814507e+02
0.000000000000000000e+00	0.000000000000000000e+00	0.000000000000000000e+00	0.000000000000000000e+00	0.000000000000000000e+00	0.000000000000000000e+00	0.000000000000000000e+00	0.000000000000000000e+00	0.000000000000000000e+00	0.000000000000000000e+00	7.135575942915393455e+01	1.783893985728848364e+01	0.000000000000000000e+00	4.332313965341488426e+01	0.000000000000000000e+00	0.000000000000000000e+00	0.000000000000000000e+00	0.000000000000000000e+00	1.146788990825688188e+02	0.000000000000000000e+00
0.000000000000000000e+00	0.000000000000000000e+00	0.000000000000000000e+00	0.000000000000000000e+00	0.000000000000000000e+00	1.197757390417940968e+02	0.000000000000000000e+00	0.000000000000000000e+00	0.000000000000000000e+00	0.000000000000000000e+00	0.000000000000000000e+00	0.000000000000000000e+00	0.000000000000000000e+00	0.000000000000000000e+00	0.000000000000000000e+00	0.000000000000000000e+00	0.000000000000000000e+00	1.146788990825688188e+02	0.000000000000000000e+00	0.000000000000000000e+00
0.000000000000000000e+00	0.000000000000000000e+00	0.000000000000000000e+00	1.223241590214067287e+02	0.000000000000000000e+00	0.000000000000000000e+00	1.070336391437308947e+02	0.000000000000000000e+00	0.000000000000000000e+00	0.000000000000000000e+00	0.000000000000000000e+00	0.000000000000000000e+00	0.000000000000000000e+00	0.000000000000000000e+00	0.000000000000000000e+00	0.000000000000000000e+00	1.172273190621814507e+02	0.000000000000000000e+00	0.000000000000000000e+00	0.000000000000000000e+00
