0.000000000000000000e+00	4.310344827586207117e+01	0.000000000000000000e+00	0.000000000000000000e+00	0.000000000000000000e+00	0.000000000000000000e+00	0.000000000000000000e+00	5.926724137931034875e+01	0.000000000000000000e+00	0.000000000000000000e+00	3.502155172413793593e+01	0.000000000000000000e+00	0.000000000000000000e+00	0.000000000000000000e+00	0.000000000000000000e+00	0.000000000000000000e+00	8.351293103448276156e+01	0.000000000000000000e+00	0.000000000000000000e+00	0.000000000000000000e+00
4.310344827586207117e+01	0.000000000000000000e+00	0.000000000000000000e+00	0.000000000000000000e+00	0.000000000000000000e+00	0.000000000000000000e+00	0.000000000000000000e+00	0.000000000000000000e+00	3.502155172413793593e+01	0.000000000000000000e+00	0.000000000000000000e+00	6.734913793103449109e+01	0.000000000000000000e+00	0.000000000000000000e+00	0.000000000000000000e+00	2.693965517241379359e+01	0.000000000000000000e+00	0.000000000000000000e+00	0.000000000000000000e+00	0.000000000000000000e+00
0.000000000000000000e+00	0.000000000000000000e+00	0.000000000000000000e+00	0.000000000000000000e+00	0.000000000000000000e+00	0.000000000000000000e+00	0.000000000000000000e+00	0.000000000000000000e+00	0.000000000000000000e+00	0.000000000000000000e+00	2.693965517241379359e+01	0.000000000000000000e+00	0.000000000000000000e+00	0.000000000000000000e+00	0.000000000000000000e+00	0.000000000000000000e+00	0.000000000000000000e+00	2.693965517241379359e+01	1.050646551724137936e+02	0.000000000000000000e+00
0.000000000000000000e+00	0.000000000000000000e+00	0.000000000000000000e+00	0.000000000000000000e+00	0.000000000000000000e+00	0.000000000000000000e+00	0.000000000000000000e+00	0.000000000000000000e+00	0.000000000000000000e+00	3.771551724137930961e+01	0.000000000000000000e+00	0.000000000000000000e+00	0.000000000000000000e+00	0.000000000000000000e+00	0.000000000000000000e+00	0.000000000000000000e+00	0.000000000000000000e+00	0.000000000000000000e+00	0.000000000000000000e+00	0.000000000000000000e+00
0.000000000000000000e+00	0.000000000000000000e+00	0.000000000000000000e+00	0.000000000000000000e+00	0.000000000000000000e+00	0.000000000000000000e+00	0.000000000000000000e+00	0.000000000000000000e+00	1.266163793103448398e+02	0.000000000000000000e+00	0.000000000000000000e+00	0.000000000000000000e+00	0.000000000000000000e+00	0.000000000000000000e+00	1.293103448275862206e+02	0.000000000000000000e+00	0.000000000000000000e+00	4.849137931034483273e+01	0.000000000000000000e+00	0.000000000000000000e+00
0.000000000000000000e+00	0.000000000000000000e+00	0.000000000000000000e+00	0.000000000000000000e+00	0.000000000000000000e+00	0.000000000000000000e+00	0.000000000000000000e+00	0.000000000000000000e+00	0.000000000000000000e+00	3.232758620689655515e+01	1.077586206896551779e+01	1.616379310344827758e+01	0.000000000000000000e+00	9.967672413793104624e+01	0.000000000000000000e+00	0.000000000000000000e+00	0.000000000000000000e+00	0.000000000000000000e+00	0.000000000000000000e+00	0.000000000000000000e+00
0.000000000000000000e+00	0.000000000000000000e+00	0.000000000000000000e+00	0.000000000000000000e+00	0.000000000000000000e+00	0.000000000000000000e+00	0.000000000000000000e+00	6.196120689655172953e+01	0.000000000000000000e+00	0.000000000000000000e+00	0.000000000000000000e+00	4.310344827586207117e+01	0.000000000000000000e+00	0.000000000000000000e+00	0.000000000000000000e+00	1.023706896551724128e+02	1.885775862068965480e+01	0.000000000000000000e+00	0.000000000000000000e+00	0.000000000000000000e+00
5.926724137931034875e+01	0.000000000000000000e+00	0.000000000000000000e+00	0.000000000000000000e+00	0.000000000000000000e+00	0.000000000000000000e+00	6.196120689655172953e+01	0.000000000000000000e+00	0.000000000000000000e+00	9.698275862068966546e+01	0.000000000000000000e+00	1.023706896551724128e+02	0.000000000000000000e+00	0.000000000000000000e+00	0.000000000000000000e+00	9.428879310344828468e+01	0.000000000000000000e+00	0.000000000000000000e+00	0.000000000000000000e+00	0.000000000000000000e+00
0.000000000000000000e+00	3.502155172413793593e+01	0.000000000000000000e+00	0.000000000000000000e+00	1.266163793103448398e+02	0.000000000000000000e+00	0.000000000000000000e+00	0.000000000000000000e+00	0.000000000000000000e+00	0.000000000000000000e+00	9.967672413793104624e+01	0.000000000000000000e+00	0.000000000000000000e+00	0.000000000000000000e+00	6.465517241379311031e+01	0.000000000000000000e+00	0.000000000000000000e+00	0.000000000000000000e+00	8.081896551724138078e+01	0.000000000000000000e+00
0.000000000000000000e+00	0.000000000000000000e+00	0.000000000000000000e+00	3.771551724137930961e+01	0.000000000000000000e+00	3.232758620689655515e+01	0.000000000000000000e+00	9.698275862068966546e+01	0.000000000000000000e+00	0.000000000000000000e+00	5.387931034482758719e+01	0.000000000000000000e+00	0.000000000000000000e+00	1.293103448275862206e+02	0.000000000000000000e+00	0.000000000000000000e+00	0.000000000000000000e+00	0.000000000000000000e+00	0.000000000000000000e+00	0.000000000000000000e+00
3.502155172413793593e+01	0.000000000000000000e+00	2.693965517241379359e+01	0.000000000000000000e+00	0.000000000000000000e+00	1.077586206896551779e+01	0.000000000000000000e+00	0.000000000000000000e+00	9.967672413793104624e+01	5.387931034482758719e+01	0.000000000000000000e+00	0.000000000000000000e+00	0.000000000000000000e+00	0.000000000000000000e+00	0.000000000000000000e+00	4.310344827586207117e+01	0.000000000000000000e+00	0.000000000000000000e+00	0.000000000000000000e+00	0.000000000000000000e+00
0.000000000000000000e+00	6.734913793103449109e+01	0.000000000000000000e+00	0.000000000000000000e+00	0.000000000000000000e+00	1.616379310344827758e+01	4.310344827586207117e+01	1.023706896551724128e+02	0.000000000000000000e+00	0.000000000000000000e+00	0.000000000000000000e+00	0.000000000000000000e+00	0.000000000000000000e+00	0.000000000000000000e+00	0.000000000000000000e+00	0.000000000000000000e+00	0.000000000000000000e+00	0.000000000000000000e+00	0.000000000000000000e+00	5.926724137931034875e+01
0.000000000000000000e+00	0.000000000000000000e+00	0.000000000000000000e+00	0.000000000000000000e+00	0.000000000000000000e+00	0.000000000000000000e+00	0.000000000000000000e+00	0.000000000000000000e+00	0.000000000000000000e+00	0.000000000000000000e+00	0.000000000000000000e+00	0.000000000000000000e+00	0.000000000000000000e+00	0.000000000000000000e+00	0.000000000000000000e+00	0.000000000000000000e+00	0.000000000000000000e+00	0.000000000000000000e+00	0.000000000000000000e+00	0.000000000000000000e+00
0.000000000000000000e+00	0.000000000000000000e+00	0.000000000000000000e+00	0.000000000000000000e+00	0.000000000000000000e+00	9.967672413793104624e+01	0.000000000000000000e+00	0.000000000000000000e+00	0.000000000000000000e+00	1.293103448275862206e+02	0.000000000000000000e+00	0.000000000000000000e+00	0.000000000000000000e+00	0.000000000000000000e+00	0.000000000000000000e+00	0.000000000000000000e+00	0.000000000000000000e+00	0.000000000000000000e+00	0.000000000000000000e+00	0.000000000000000000e+00
0.000000000000000000e+00	0.000000000000000000e+00	0.000000000000000000e+00	0.000000000000000000e+00	1.293103448275862206e+02	0.000000000000000000e+00	0.000000000000000000e+00	0.000000000000000000e+00	6.465517241379311031e+01	0.000000000000000000e+00	0.000000000000000000e+00	0.000000000000000000e+00	0.000000000000000000e+00	0.000000000000000000e+00	0.000000000000000000e+00	0.000000000000000000e+00	0.000000000000000000e+00	1.158405172413793167e+02	0.000000000000000000e+00	0.000000000000000000e+00
0.000000000000000000e+00	2.693965517241379359e+01	0.000000000000000000e+00	0.000000000000000000e+00	0.000000000000000000e+00	0.000000000000000000e+00	1.023706896551724128e+02	9.428879310344828468e+01	0.000000000000000000e+00	0.000000000000000000e+00	4.310344827586207117e+01	0.000000000000000000e+00	0.000000000000000000e+00	0.000000000000000000e+00	0.000000000000000000e+00	0.000000000000000000e+00	0.000000000000000000e+00	0.000000000000000000e+00	1.077586206896551744e+02	0.000000000000000000e+00
8.351293103448276156e+01	0.000000000000000000e+00	0.000000000000000000e+00	0.000000000000000000e+00	0.000000000000000000e+00	0.000000000000000000e+00	1.885775862068965480e+01	0.000000000000000000e+00	0.000000000000000000e+00	0.000000000000000000e+00	0.000000000000000000e+00	0.000000000000000000e+00	0.000000000000000000e+00	0.000000000000000000e+00	0.000000000000000000e+00	0.000000000000000000e+00	0.000000000000000000e+00	0.000000000000000000e+00	1.239224137931034591e+02	0.000000000000000000e+00
0.000000000000000000e+00	0.000000000000000000e+00	2.693965517241379359e+01	0.000000000000000000e+00	4.849137931034483273e+01	0.000000000000000000e+00	0.000000000000000000e+00	0.000000000000000000e+00	0.000000000000000000e+00	0.000000000000000000e+00	0.000000000000000000e+00	0.000000000000000000e+00	0.000000000000000000e+00	0.000000000000000000e+00	1.158405172413793167e+02	0.000000000000000000e+00	0.000000000000000000e+00	0.000000000000000000e+00	0.000000000000000000e+00	8.620689655172414234e+01
0.000000000000000000e+00	0.000000000000000000e+00	1.050646551724137936e+02	0.000000000000000000e+00	0.000000000000000000e+00	0.000000000000000000e+00	0.000000000000000000e+00	0.000000000000000000e+00	8.081896551724138078e+01	0.000000000000000000e+00	0.000000000000000000e+00	0.000000000000000000e+00	0.000000000000000000e+00	0.000000000000000000e+00	0.000000000000000000e+00	1.077586206896551744e+02	1.239224137931034591e+02	0.000000000000000000e+00	0.000000000000000000e+00	5.387931034482758896e+00
0.000000000000000000e+00	0.000000000000000000e+00	0.000000000000000000e+00	0.000000000000000000e+00	0.000000000000000000e+00	0.000000000000000000e+00	0.000000000000000000e+00	0.000000000000000000e+00	0.000000000000000000e+00	0.000000000000000000e+00	0.000000000000000000e+00	5.926724137931034875e+01	0.000000000000000000e+00	0.000000000000000000e+00	0.000000000000000000e+00	0.000000000000000000e+00	0.000000000000000000e+00	8.620689655172414234e+01	5.387931034482758896e+00	0.000000000000000000e+00
