0.000000000000000000e+00	0.000000000000000000e+00	0.000000000000000000e+00	0.000000000000000000e+00	0.000000000000000000e+00	2.312867956265769465e+01	0.000000000000000000e+00	0.000000000000000000e+00	0.000000000000000000e+00	0.000000000000000000e+00	0.000000000000000000e+00	0.000000000000000000e+00	0.000000000000000000e+00	0.000000000000000000e+00	0.000000000000000000e+00	0.000000000000000000e+00	9.041211101766189984e+01	0.000000000000000000e+00	3.574432296047098134e+01	0.000000000000000000e+00
0.000000000000000000e+00	0.000000000000000000e+00	9.882253994953742904e+01	0.000000000000000000e+00	0.000000000000000000e+00	0.000000000000000000e+00	0.000000000000000000e+00	0.000000000000000000e+00	0.000000000000000000e+00	0.000000000000000000e+00	0.000000000000000000e+00	0.000000000000000000e+00	0.000000000000000000e+00	0.000000000000000000e+00	4.625735912531538929e+01	0.000000000000000000e+00	0.000000000000000000e+00	0.000000000000000000e+00	1.009251471825063078e+02	0.000000000000000000e+00
0.000000000000000000e+00	9.882253994953742904e+01	0.000000000000000000e+00	8.410428931875526359e+01	0.000000000000000000e+00	0.000000000000000000e+00	0.000000000000000000e+00	2.733389402859545925e+01	0.000000000000000000e+00	1.261564339781328847e+01	0.000000000000000000e+00	0.000000000000000000e+00	0.000000000000000000e+00	0.000000000000000000e+00	2.102607232968881590e+01	2.733389402859545925e+01	0.000000000000000000e+00	3.153910849453322029e+01	7.359125315391085564e+01	0.000000000000000000e+00
0.000000000000000000e+00	0.000000000000000000e+00	8.410428931875526359e+01	0.000000000000000000e+00	0.000000000000000000e+00	0.000000000000000000e+00	0.000000000000000000e+00	0.000000000000000000e+00	0.000000000000000000e+00	0.000000000000000000e+00	0.000000000000000000e+00	0.000000000000000000e+00	0.000000000000000000e+00	0.000000000000000000e+00	0.000000000000000000e+00	0.000000000000000000e+00	0.000000000000000000e+00	0.000000000000000000e+00	0.000000000000000000e+00	0.000000000000000000e+00
0.000000000000000000e+00	0.000000000000000000e+00	0.000000000000000000e+00	0.000000000000000000e+00	0.000000000000000000e+00	4.415475189234651054e+01	0.000000000000000000e+00	0.000000000000000000e+00	0.000000000000000000e+00	0.000000000000000000e+00	0.000000000000000000e+00	0.000000000000000000e+00	0.000000000000000000e+00	1.471825063078216900e+01	6.307821698906644059e+01	0.000000000000000000e+00	3.364171572750210260e+01	0.000000000000000000e+00	4.625735912531538929e+01	0.000000000000000000e+00
2.312867956265769465e+01	0.000000000000000000e+00	0.000000000000000000e+00	0.000000000000000000e+00	4.415475189234651054e+01	0.000000000000000000e+00	0.000000000000000000e+00	0.000000000000000000e+00	1.009251471825063078e+02	0.000000000000000000e+00	0.000000000000000000e+00	1.009251471825063078e+02	6.938603868797308394e+01	0.000000000000000000e+00	0.000000000000000000e+00	2.102607232968881590e+01	0.000000000000000000e+00	6.097560975609756184e+01	0.000000000000000000e+00	0.000000000000000000e+00
0.000000000000000000e+00	0.000000000000000000e+00	0.000000000000000000e+00	0.000000000000000000e+00	0.000000000000000000e+00	0.000000000000000000e+00	0.000000000000000000e+00	0.000000000000000000e+00	0.000000000000000000e+00	0.000000000000000000e+00	8.620689655172414234e+01	8.830950378469302109e+01	0.000000000000000000e+00	7.148864592094196269e+01	6.307821698906644237e+00	0.000000000000000000e+00	4.205214465937762824e+00	1.009251471825063078e+02	0.000000000000000000e+00	5.466778805719091849e+01
0.000000000000000000e+00	0.000000000000000000e+00	2.733389402859545925e+01	0.000000000000000000e+00	0.000000000000000000e+00	0.000000000000000000e+00	0.000000000000000000e+00	0.000000000000000000e+00	0.000000000000000000e+00	0.000000000000000000e+00	0.000000000000000000e+00	0.000000000000000000e+00	0.000000000000000000e+00	0.000000000000000000e+00	0.000000000000000000e+00	0.000000000000000000e+00	0.000000000000000000e+00	0.000000000000000000e+00	8.410428931875526359e+01	8.830950378469302109e+01
0.000000000000000000e+00	0.000000000000000000e+00	0.000000000000000000e+00	0.000000000000000000e+00	0.000000000000000000e+00	1.009251471825063078e+02	0.000000000000000000e+00	0.000000000000000000e+00	0.000000000000000000e+00	0.000000000000000000e+00	0.000000000000000000e+00	0.000000000000000000e+00	0.000000000000000000e+00	0.000000000000000000e+00	9.041211101766189984e+01	7.569386038687973439e+01	0.000000000000000000e+00	0.000000000000000000e+00	0.000000000000000000e+00	0.000000000000000000e+00
0.000000000000000000e+00	0.000000000000000000e+00	1.261564339781328847e+01	0.000000000000000000e+00	0.000000000000000000e+00	0.000000000000000000e+00	0.000000000000000000e+00	0.000000000000000000e+00	0.000000000000000000e+00	0.000000000000000000e+00	0.000000000000000000e+00	5.887300252312867599e+01	0.000000000000000000e+00	0.000000000000000000e+00	0.000000000000000000e+00	0.000000000000000000e+00	0.000000000000000000e+00	1.471825063078216900e+01	9.041211101766189984e+01	0.000000000000000000e+00
0.000000000000000000e+00	0.000000000000000000e+00	0.000000000000000000e+00	0.000000000000000000e+00	0.000000000000000000e+00	0.000000000000000000e+00	8.620689655172414234e+01	0.000000000000000000e+00	0.000000000000000000e+00	0.000000000000000000e+00	0.000000000000000000e+00	0.000000000000000000e+00	5.256518082422203264e+01	0.000000000000000000e+00	0.000000000000000000e+00	0.000000000000000000e+00	0.000000000000000000e+00	0.000000000000000000e+00	0.000000000000000000e+00	0.000000000000000000e+00
0.000000000000000000e+00	0.000000000000000000e+00	0.000000000000000000e+00	0.000000000000000000e+00	0.000000000000000000e+00	1.009251471825063078e+02	8.830950378469302109e+01	0.000000000000000000e+00	0.000000000000000000e+00	5.887300252312867599e+01	0.000000000000000000e+00	0.000000000000000000e+00	0.000000000000000000e+00	0.000000000000000000e+00	0.000000000000000000e+00	0.000000000000000000e+00	0.000000000000000000e+00	4.415475189234651054e+01	0.000000000000000000e+00	0.000000000000000000e+00
0.000000000000000000e+00	0.000000000000000000e+00	0.000000000000000000e+00	0.000000000000000000e+00	0.000000000000000000e+00	6.938603868797308394e+01	0.000000000000000000e+00	0.000000000000000000e+00	0.000000000000000000e+00	0.000000000000000000e+00	5.256518082422203264e+01	0.000000000000000000e+00	0.000000000000000000e+00	0.000000000000000000e+00	0.000000000000000000e+00	0.000000000000000000e+00	0.000000000000000000e+00	0.000000000000000000e+00	0.000000000000000000e+00	7.779646761984861314e+01
0.000000000000000000e+00	0.000000000000000000e+00	0.000000000000000000e+00	0.000000000000000000e+00	1.471825063078216900e+01	0.000000000000000000e+00	7.148864592094196269e+01	0.000000000000000000e+00	0.000000000000000000e+00	0.000000000000000000e+00	0.000000000000000000e+00	0.000000000000000000e+00	0.000000000000000000e+00	0.000000000000000000e+00	0.000000000000000000e+00	0.000000000000000000e+00	0.000000000000000000e+00	0.000000000000000000e+00	0.000000000000000000e+00	0.000000000000000000e+00
0.000000000000000000e+00	4.625735912531538929e+01	2.102607232968881590e+01	0.000000000000000000e+00	6.307821698906644059e+01	0.000000000000000000e+00	6.307821698906644237e+00	0.000000000000000000e+00	9.041211101766189984e+01	0.000000000000000000e+00	0.000000000000000000e+00	0.000000000000000000e+00	0.000000000000000000e+00	0.000000000000000000e+00	0.000000000000000000e+00	0.000000000000000000e+00	0.000000000000000000e+00	0.000000000000000000e+00	0.000000000000000000e+00	7.989907485281749189e+01
0.000000000000000000e+00	0.000000000000000000e+00	2.733389402859545925e+01	0.000000000000000000e+00	0.000000000000000000e+00	2.102607232968881590e+01	0.000000000000000000e+00	0.000000000000000000e+00	7.569386038687973439e+01	0.000000000000000000e+00	0.000000000000000000e+00	0.000000000000000000e+00	0.000000000000000000e+00	0.000000000000000000e+00	0.000000000000000000e+00	0.000000000000000000e+00	0.000000000000000000e+00	0.000000000000000000e+00	0.000000000000000000e+00	6.307821698906644059e+01
9.041211101766189984e+01	0.000000000000000000e+00	0.000000000000000000e+00	0.000000000000000000e+00	3.364171572750210260e+01	0.000000000000000000e+00	4.205214465937762824e+00	0.000000000000000000e+00	0.000000000000000000e+00	0.000000000000000000e+00	0.000000000000000000e+00	0.000000000000000000e+00	0.000000000000000000e+00	0.000000000000000000e+00	0.000000000000000000e+00	0.000000000000000000e+00	0.000000000000000000e+00	0.000000000000000000e+00	0.000000000000000000e+00	0.000000000000000000e+00
0.000000000000000000e+00	0.000000000000000000e+00	3.153910849453322029e+01	0.000000000000000000e+00	0.000000000000000000e+00	6.097560975609756184e+01	1.009251471825063078e+02	0.000000000000000000e+00	0.000000000000000000e+00	1.471825063078216900e+01	0.000000000000000000e+00	4.415475189234651054e+01	0.000000000000000000e+00	0.000000000000000000e+00	0.000000000000000000e+00	0.000000000000000000e+00	0.000000000000000000e+00	0.000000000000000000e+00	0.000000000000000000e+00	0.000000000000000000e+00
3.574432296047098134e+01	1.009251471825063078e+02	7.359125315391085564e+01	0.000000000000000000e+00	4.625735912531538929e+01	0.000000000000000000e+00	0.000000000000000000e+00	8.410428931875526359e+01	0.000000000000000000e+00	9.041211101766189984e+01	0.000000000000000000e+00	0.000000000000000000e+00	0.000000000000000000e+00	0.000000000000000000e+00	0.000000000000000000e+00	0.000000000000000000e+00	0.000000000000000000e+00	0.000000000000000000e+00	0.000000000000000000e+00	3.994953742640874594e+01
0.000000000000000000e+00	0.000000000000000000e+00	0.000000000000000000e+00	0.000000000000000000e+00	0.000000000000000000e+00	0.000000000000000000e+00	5.466778805719091849e+01	8.830950378469302109e+01	0.000000000000000000e+00	0.000000000000000000e+00	0.000000000000000000e+00	0.000000000000000000e+00	7.779646761984861314e+01	0.000000000000000000e+00	7.989907485281749189e+01	6.307821698906644059e+01	0.000000000000000000e+00	0.000000000000000000e+00	3.994953742640874594e+01	0.000000000000000000e+00
