0.000000000000000000e+00	0.000000000000000000e+00	0.000000000000000000e+00	0.000000000000000000e+00	1.271645021645021671e+02	1.028138528138528187e+02	0.000000000000000000e+00	0.000000000000000000e+00	0.000000000000000000e+00	0.000000000000000000e+00	0.000000000000000000e+00	0.000000000000000000e+00	0.000000000000000000e+00	0.000000000000000000e+00	4.058441558441558783e+01	0.000000000000000000e+00	0.000000000000000000e+00	0.000000000000000000e+00	0.000000000000000000e+00	0.000000000000000000e+00
0.000000000000000000e+00	0.000000000000000000e+00	1.163419913419913456e+02	0.000000000000000000e+00	0.000000000000000000e+00	3.517316017316017707e+01	0.000000000000000000e+00	0.000000000000000000e+00	0.000000000000000000e+00	0.000000000000000000e+00	6.493506493506494337e+01	0.000000000000000000e+00	0.000000000000000000e+00	5.411255411255411474e+01	0.000000000000000000e+00	0.000000000000000000e+00	1.136363636363636402e+02	0.000000000000000000e+00	0.000000000000000000e+00	9.469696969696970257e+01
0.000000000000000000e+00	1.163419913419913456e+02	0.000000000000000000e+00	0.000000000000000000e+00	0.000000000000000000e+00	3.246753246753247168e+01	8.116883116883117921e+00	0.000000000000000000e+00	6.222943722943723088e+01	0.000000000000000000e+00	0.000000000000000000e+00	3.517316017316017707e+01	0.000000000000000000e+00	1.352813852813852868e+01	6.764069264069264875e+01	0.000000000000000000e+00	0.000000000000000000e+00	1.055194805194805241e+02	3.517316017316017707e+01	0.000000000000000000e+00
0.000000000000000000e+00	0.000000000000000000e+00	0.000000000000000000e+00	0.000000000000000000e+00	0.000000000000000000e+00	0.000000000000000000e+00	0.000000000000000000e+00	0.000000000000000000e+00	0.000000000000000000e+00	0.000000000000000000e+00	0.000000000000000000e+00	0.000000000000000000e+00	0.000000000000000000e+00	0.000000000000000000e+00	0.000000000000000000e+00	0.000000000000000000e+00	0.000000000000000000e+00	0.000000000000000000e+00	0.000000000000000000e+00	9.740259740259740795e+01
1.271645021645021671e+02	0.000000000000000000e+00	0.000000000000000000e+00	0.000000000000000000e+00	0.000000000000000000e+00	0.000000000000000000e+00	0.000000000000000000e+00	0.000000000000000000e+00	0.000000000000000000e+00	6.493506493506494337e+01	0.000000000000000000e+00	4.329004329004329321e+01	0.000000000000000000e+00	0.000000000000000000e+00	0.000000000000000000e+00	0.000000000000000000e+00	0.000000000000000000e+00	5.681818181818182012e+01	0.000000000000000000e+00	2.976190476190476275e+01
1.028138528138528187e+02	3.517316017316017707e+01	3.246753246753247168e+01	0.000000000000000000e+00	0.000000000000000000e+00	0.000000000000000000e+00	1.082251082251082295e+02	0.000000000000000000e+00	0.000000000000000000e+00	0.000000000000000000e+00	0.000000000000000000e+00	0.000000000000000000e+00	0.000000000000000000e+00	0.000000000000000000e+00	0.000000000000000000e+00	0.000000000000000000e+00	0.000000000000000000e+00	0.000000000000000000e+00	0.000000000000000000e+00	0.000000000000000000e+00
0.000000000000000000e+00	0.000000000000000000e+00	8.116883116883117921e+00	0.000000000000000000e+00	0.000000000000000000e+00	1.082251082251082295e+02	0.000000000000000000e+00	0.000000000000000000e+00	4.058441558441558783e+01	0.000000000000000000e+00	1.082251082251082295e+02	0.000000000000000000e+00	0.000000000000000000e+00	0.000000000000000000e+00	0.000000000000000000e+00	8.658008658008658642e+01	0.000000000000000000e+00	0.000000000000000000e+00	9.199134199134199719e+01	0.000000000000000000e+00
0.000000000000000000e+00	0.000000000000000000e+00	0.000000000000000000e+00	0.000000000000000000e+00	0.000000000000000000e+00	0.000000000000000000e+00	0.000000000000000000e+00	0.000000000000000000e+00	0.000000000000000000e+00	0.000000000000000000e+00	1.190476190476190510e+02	0.000000000000000000e+00	0.000000000000000000e+00	6.222943722943723088e+01	0.000000000000000000e+00	4.599567099567099859e+01	0.000000000000000000e+00	0.000000000000000000e+00	0.000000000000000000e+00	0.000000000000000000e+00
0.000000000000000000e+00	0.000000000000000000e+00	6.222943722943723088e+01	0.000000000000000000e+00	0.000000000000000000e+00	0.000000000000000000e+00	4.058441558441558783e+01	0.000000000000000000e+00	0.000000000000000000e+00	5.411255411255411651e+00	0.000000000000000000e+00	0.000000000000000000e+00	0.000000000000000000e+00	0.000000000000000000e+00	0.000000000000000000e+00	0.000000000000000000e+00	0.000000000000000000e+00	0.000000000000000000e+00	0.000000000000000000e+00	0.000000000000000000e+00
0.000000000000000000e+00	0.000000000000000000e+00	0.000000000000000000e+00	0.000000000000000000e+00	6.493506493506494337e+01	0.000000000000000000e+00	0.000000000000000000e+00	0.000000000000000000e+00	5.411255411255411651e+00	0.000000000000000000e+00	0.000000000000000000e+00	0.000000000000000000e+00	1.190476190476190510e+02	0.000000000000000000e+00	0.000000000000000000e+00	0.000000000000000000e+00	0.000000000000000000e+00	0.000000000000000000e+00	4.329004329004329321e+01	0.000000000000000000e+00
0.000000000000000000e+00	6.493506493506494337e+01	0.000000000000000000e+00	0.000000000000000000e+00	0.000000000000000000e+00	0.000000000000000000e+00	1.082251082251082295e+02	1.190476190476190510e+02	0.000000000000000000e+00	0.000000000000000000e+00	0.000000000000000000e+00	0.000000000000000000e+00	0.000000000000000000e+00	0.000000000000000000e+00	0.000000000000000000e+00	0.000000000000000000e+00	7.575757575757576490e+01	0.000000000000000000e+00	0.000000000000000000e+00	0.000000000000000000e+00
0.000000000000000000e+00	0.000000000000000000e+00	3.517316017316017707e+01	0.000000000000000000e+00	4.329004329004329321e+01	0.000000000000000000e+00	0.000000000000000000e+00	0.000000000000000000e+00	0.000000000000000000e+00	0.000000000000000000e+00	0.000000000000000000e+00	0.000000000000000000e+00	0.000000000000000000e+00	0.000000000000000000e+00	0.000000000000000000e+00	0.000000000000000000e+00	0.000000000000000000e+00	0.000000000000000000e+00	0.000000000000000000e+00	2.976190476190476275e+01
0.000000000000000000e+00	0.000000000000000000e+00	0.000000000000000000e+00	0.000000000000000000e+00	0.000000000000000000e+00	0.000000000000000000e+00	0.000000000000000000e+00	0.000000000000000000e+00	0.000000000000000000e+00	1.190476190476190510e+02	0.000000000000000000e+00	0.000000000000000000e+00	0.000000000000000000e+00	0.000000000000000000e+00	0.000000000000000000e+00	0.000000000000000000e+00	0.000000000000000000e+00	4.329004329004329321e+01	0.000000000000000000e+00	0.000000000000000000e+00
0.000000000000000000e+00	5.411255411255411474e+01	1.352813852813852868e+01	0.000000000000000000e+00	0.000000000000000000e+00	0.000000000000000000e+00	0.000000000000000000e+00	6.222943722943723088e+01	0.000000000000000000e+00	0.000000000000000000e+00	0.000000000000000000e+00	0.000000000000000000e+00	0.000000000000000000e+00	0.000000000000000000e+00	5.140692640692640936e+01	0.000000000000000000e+00	0.000000000000000000e+00	0.000000000000000000e+00	0.000000000000000000e+00	0.000000000000000000e+00
4.058441558441558783e+01	0.000000000000000000e+00	6.764069264069264875e+01	0.000000000000000000e+00	0.000000000000000000e+00	0.000000000000000000e+00	0.000000000000000000e+00	0.000000000000000000e+00	0.000000000000000000e+00	0.000000000000000000e+00	0.000000000000000000e+00	0.000000000000000000e+00	0.000000000000000000e+00	5.140692640692640936e+01	0.000000000000000000e+00	0.000000000000000000e+00	0.000000000000000000e+00	0.000000000000000000e+00	3.787878787878788245e+01	0.000000000000000000e+00
0.000000000000000000e+00	0.000000000000000000e+00	0.000000000000000000e+00	0.000000000000000000e+00	0.000000000000000000e+00	0.000000000000000000e+00	8.658008658008658642e+01	4.599567099567099859e+01	0.000000000000000000e+00	0.000000000000000000e+00	0.000000000000000000e+00	0.000000000000000000e+00	0.000000000000000000e+00	0.000000000000000000e+00	0.000000000000000000e+00	0.000000000000000000e+00	0.000000000000000000e+00	0.000000000000000000e+00	0.000000000000000000e+00	0.000000000000000000e+00
0.000000000000000000e+00	1.136363636363636402e+02	0.000000000000000000e+00	0.000000000000000000e+00	0.000000000000000000e+00	0.000000000000000000e+00	0.000000000000000000e+00	0.000000000000000000e+00	0.000000000000000000e+00	0.000000000000000000e+00	7.575757575757576490e+01	0.000000000000000000e+00	0.000000000000000000e+00	0.000000000000000000e+00	0.000000000000000000e+00	0.000000000000000000e+00	0.000000000000000000e+00	0.000000000000000000e+00	2.976190476190476275e+01	0.000000000000000000e+00
0.000000000000000000e+00	0.000000000000000000e+00	1.055194805194805241e+02	0.000000000000000000e+00	5.681818181818182012e+01	0.000000000000000000e+00	0.000000000000000000e+00	0.000000000000000000e+00	0.000000000000000000e+00	0.000000000000000000e+00	0.000000000000000000e+00	0.000000000000000000e+00	4.329004329004329321e+01	0.000000000000000000e+00	0.000000000000000000e+00	0.000000000000000000e+00	0.000000000000000000e+00	0.000000000000000000e+00	0.000000000000000000e+00	0.000000000000000000e+00
0.000000000000000000e+00	0.000000000000000000e+00	3.517316017316017707e+01	0.000000000000000000e+00	0.000000000000000000e+00	0.000000000000000000e+00	9.199134199134199719e+01	0.000000000000000000e+00	0.000000000000000000e+00	4.329004329004329321e+01	0.000000000000000000e+00	0.000000000000000000e+00	0.000000000000000000e+00	0.000000000000000000e+00	3.787878787878788245e+01	0.000000000000000000e+00	2.976190476190476275e+01	0.000000000000000000e+00	0.000000000000000000e+00	0.000000000000000000e+00
0.000000000000000000e+00	9.469696969696970257e+01	0.000000000000000000e+00	9.740259740259740795e+01	2.976190476190476275e+01	0.000000000000000000e+00	0.000000000000000000e+00	0.000000000000000000e+00	0.000000000000000000e+00	0.000000000000000000e+00	0.000000000000000000e+00	2.976190476190476275e+01	0.000000000000000000e+00	0.000000000000000000e+00	0.000000000000000000e+00	0.000000000000000000e+00	0.000000000000000000e+00	0.000000000000000000e+00	0.000000000000000000e+00	0.000000000000000000e+00
