0.000000000000000000e+00	2.772039797646993264e+01	2.774989965018960092e+01	1.689525951873748966e+01	1.844879457724050553e+01	3.241445995409250713e+01	2.266228447688611425e+01	2.353469241208887297e+01	2.644972451328801810e+01	2.191266624122468798e+01	3.374727512249609873e+01	1.945572735809460596e+01	2.525890022103290988e+01	1.711470882068536525e+01	2.943317755928653412e+01	1.889620314341622986e+01	2.256182017726138866e+01	2.529467810551464879e+01	2.320410475947759110e+01	2.406964334085985513e+01
2.772039797646993264e+01	0.000000000000000000e+00	2.695763417622594460e+01	1.777073211054255708e+01	2.036563051623422993e+01	2.536108185911275825e+01	2.115102663637739511e+01	2.068934881502501710e+01	1.895655431380536271e+01	2.187688835674294552e+01	3.095496305807908044e+01	1.769402432621370735e+01	2.468473673086993969e+01	1.513490380500377519e+01	3.386842774719617211e+01	1.654226266897751785e+01	2.234715287037094456e+01	2.209155566363338963e+01	2.367608661156070937e+01	2.298943745258714699e+01
2.774989965018960092e+01	2.695763417622594460e+01	0.000000000000000000e+00	2.209327300208851241e+01	2.583993306501637122e+01	2.954222855118688074e+01	2.255666816189601320e+01	3.115155287895646552e+01	2.400495692571686845e+01	2.747697206529131009e+01	2.627098501725238222e+01	2.194500944879617776e+01	3.702367067179596205e+01	1.867033123795144078e+01	3.142156926724373633e+01	2.014752853243354025e+01	3.045213170932649760e+01	2.854044778569814156e+01	2.828141590205034106e+01	2.615849934844179003e+01
1.689525951873748966e+01	1.777073211054255708e+01	2.209327300208851241e+01	0.000000000000000000e+00	1.513833848191402431e+01	2.302865001397913503e+01	1.697503195966864808e+01	1.734184778068347654e+01	1.640086846950567789e+01	1.668537420690447703e+01	1.903154475967908965e+01	1.524395479690412003e+01	2.740534309995040729e+01	1.207489290104947699e+01	2.396746170278000676e+01	1.568015876450550117e+01	2.191438357967981077e+01	2.936654714931971455e+01	2.162644316537076250e+01	2.046609481585895551e+01
1.844879457724050553e+01	2.036563051623422993e+01	2.583993306501637122e+01	1.513833848191402431e+01	0.000000000000000000e+00	3.093599207145885899e+01	2.061607570760641295e+01	1.964320347277892864e+01	2.101306711381580428e+01	2.021564962448677605e+01	2.144411906605181173e+01	1.874016966845979582e+01	2.514641455222231414e+01	1.376675750242202056e+01	2.447178676243461837e+01	1.654226266897751785e+01	2.061607570760641295e+01	2.039625638535060048e+01	2.141005852002519561e+01	2.822382600189916602e+01
3.241445995409250713e+01	2.536108185911275825e+01	2.954222855118688074e+01	2.302865001397913503e+01	3.093599207145885899e+01	0.000000000000000000e+00	2.605116569499656975e+01	2.511750602156106993e+01	3.191356957134813399e+01	2.670547164639863524e+01	3.031701372061672828e+01	2.413948177136821371e+01	3.798100659691347403e+01	1.798024740206762928e+01	3.188324708859611789e+01	2.115274397483252145e+01	2.836544332412148961e+01	3.288397735986817594e+01	2.651799553171431967e+01	2.651284351634894776e+01
2.266228447688611425e+01	2.115102663637739511e+01	2.255666816189601320e+01	1.697503195966864808e+01	2.061607570760641295e+01	2.605116569499656975e+01	0.000000000000000000e+00	2.619927932191583508e+01	2.767423579764358621e+01	2.024971017051339217e+01	2.111696609035077898e+01	1.862768399964920363e+01	2.428774532466054481e+01	1.232190341551141266e+01	3.136704402369486999e+01	2.207385526516470975e+01	2.043718628519771130e+01	1.974195043394853144e+01	2.338814619725166466e+01	2.142866301995570311e+01
2.353469241208887297e+01	2.068934881502501710e+01	3.115155287895646552e+01	1.734184778068347654e+01	1.964320347277892864e+01	2.511750602156106993e+01	2.619927932191583508e+01	0.000000000000000000e+00	2.044323886840668436e+01	2.554855797379708093e+01	2.978549746875598814e+01	2.259281960030391190e+01	2.514984922913256327e+01	1.532066258123297153e+01	2.529639544396977158e+01	1.938932360449649650e+01	2.368639064229145319e+01	2.556439110743757226e+01	2.450584730846123449e+01	2.984899002574308113e+01
2.644972451328801810e+01	1.895655431380536271e+01	2.400495692571686845e+01	1.640086846950567789e+01	2.101306711381580428e+01	3.191356957134813399e+01	2.767423579764358621e+01	2.044323886840668436e+01	0.000000000000000000e+00	1.938760626604137371e+01	2.320582209793271389e+01	2.248630978470665553e+01	2.576665995759777061e+01	1.214301399310271101e+01	2.468130205395969057e+01	1.816085416293145727e+01	2.310879247521823388e+01	2.324331732086957558e+01	2.032470061638711911e+01	2.277133546878645731e+01
2.191266624122468798e+01	2.187688835674294552e+01	2.747697206529131009e+01	1.668537420690447703e+01	2.021564962448677605e+01	2.670547164639863524e+01	2.024971017051339217e+01	2.554855797379708093e+01	1.938760626604137371e+01	0.000000000000000000e+00	2.270664905364347064e+01	2.316832687499585219e+01	3.028048872828267335e+01	1.283138049053139795e+01	2.760335343535239971e+01	1.928370728950639545e+01	2.252604229277964620e+01	2.950488022580746161e+01	2.364202606553409680e+01	3.088467787726714420e+01
3.374727512249609873e+01	3.095496305807908044e+01	2.627098501725238222e+01	1.903154475967908965e+01	2.144411906605181173e+01	3.031701372061672828e+01	2.111696609035077898e+01	2.978549746875598814e+01	2.320582209793271389e+01	2.270664905364347064e+01	0.000000000000000000e+00	2.147989695053355419e+01	2.699341206070768351e+01	1.686598096776830502e+01	3.120346728344304665e+01	2.126179496673286806e+01	2.350063186606225329e+01	2.540716377432523743e+01	2.789301118811656721e+01	2.738525145155171003e+01
1.945572735809460596e+01	1.769402432621370735e+01	2.194500944879617776e+01	1.524395479690412003e+01	1.874016966845979582e+01	2.413948177136821371e+01	1.862768399964920363e+01	2.259281960030391190e+01	2.248630978470665553e+01	2.316832687499585219e+01	2.147989695053355419e+01	0.000000000000000000e+00	2.524896621061010649e+01	1.257578328379384303e+01	2.299115479104226978e+01	1.708408295156899470e+01	1.968241603417091667e+01	2.284632591466018781e+01	1.906217062879546020e+01	1.894625028307462244e+01
2.525890022103290988e+01	2.468473673086993969e+01	3.702367067179596205e+01	2.740534309995040729e+01	2.514641455222231414e+01	3.798100659691347403e+01	2.428774532466054481e+01	2.514984922913256327e+01	2.576665995759777061e+01	3.028048872828267335e+01	2.699341206070768351e+01	2.524896621061010649e+01	0.000000000000000000e+00	1.805523784794135977e+01	3.408974078035402044e+01	2.004019487898831642e+01	3.790601261742153127e+01	3.022372569479506765e+01	2.601538781051483085e+01	3.044526235550600290e+01
1.711470882068536525e+01	1.513490380500377519e+01	1.867033123795144078e+01	1.207489290104947699e+01	1.376675750242202056e+01	1.798024740206762928e+01	1.232190341551141266e+01	1.532066258123297153e+01	1.214301399310271101e+01	1.283138049053139795e+01	1.686598096776830502e+01	1.257578328379384303e+01	1.805523784794135977e+01	0.000000000000000000e+00	1.758325599585823795e+01	1.214816600846808115e+01	1.740608391190465909e+01	1.743842711947615243e+01	1.502757015155855314e+01	1.427279990053175851e+01
2.943317755928653412e+01	3.386842774719617211e+01	3.142156926724373633e+01	2.396746170278000676e+01	2.447178676243461837e+01	3.188324708859611789e+01	3.136704402369486999e+01	2.529639544396977158e+01	2.468130205395969057e+01	2.760335343535239971e+01	3.120346728344304665e+01	2.299115479104226978e+01	3.408974078035402044e+01	1.758325599585823795e+01	0.000000000000000000e+00	2.262822393085949813e+01	3.254397564351509686e+01	3.326341476036373734e+01	3.348152027778264994e+01	3.461109636542324353e+01
1.889620314341622986e+01	1.654226266897751785e+01	2.014752853243354025e+01	1.568015876450550117e+01	1.654226266897751785e+01	2.115274397483252145e+01	2.207385526516470975e+01	1.938932360449649650e+01	1.816085416293145727e+01	1.928370728950639545e+01	2.126179496673286806e+01	1.708408295156899470e+01	2.004019487898831642e+01	1.214816600846808115e+01	2.262822393085949813e+01	0.000000000000000000e+00	2.083761236831734820e+01	1.636337324656881265e+01	1.874016966845979582e+01	2.365016954112435243e+01
2.256182017726138866e+01	2.234715287037094456e+01	3.045213170932649760e+01	2.191438357967981077e+01	2.061607570760641295e+01	2.836544332412148961e+01	2.043718628519771130e+01	2.368639064229145319e+01	2.310879247521823388e+01	2.252604229277964620e+01	2.350063186606225329e+01	1.968241603417091667e+01	3.790601261742153127e+01	1.740608391190465909e+01	3.254397564351509686e+01	2.083761236831734820e+01	0.000000000000000000e+00	3.190281172307737023e+01	2.855464031087915444e+01	2.407994737159059895e+01
2.529467810551464879e+01	2.209155566363338963e+01	2.854044778569814156e+01	2.936654714931971455e+01	2.039625638535060048e+01	3.288397735986817594e+01	1.974195043394853144e+01	2.556439110743757226e+01	2.324331732086957558e+01	2.950488022580746161e+01	2.540716377432523743e+01	2.284632591466018781e+01	3.022372569479506765e+01	1.743842711947615243e+01	3.326341476036373734e+01	1.636337324656881265e+01	3.190281172307737023e+01	0.000000000000000000e+00	2.594383204155134592e+01	2.644128774738546639e+01
2.320410475947759110e+01	2.367608661156070937e+01	2.828141590205034106e+01	2.162644316537076250e+01	2.141005852002519561e+01	2.651799553171431967e+01	2.338814619725166466e+01	2.450584730846123449e+01	2.032470061638711911e+01	2.364202606553409680e+01	2.789301118811656721e+01	1.906217062879546020e+01	2.601538781051483085e+01	1.502757015155855314e+01	3.348152027778264994e+01	1.874016966845979582e+01	2.855464031087915444e+01	2.594383204155134592e+01	0.000000000000000000e+00	2.659470331604316939e+01
2.406964334085985513e+01	2.298943745258714699e+01	2.615849934844179003e+01	2.046609481585895551e+01	2.822382600189916602e+01	2.651284351634894776e+01	2.142866301995570311e+01	2.984899002574308113e+01	2.277133546878645731e+01	3.088467787726714420e+01	2.738525145155171003e+01	1.894625028307462244e+01	3.044526235550600290e+01	1.427279990053175851e+01	3.461109636542324353e+01	2.365016954112435243e+01	2.407994737159059895e+01	2.644128774738546639e+01	2.659470331604316939e+01	0.000000000000000000e+00
