0.000000000000000000e+00	2.350996379774732148e+01	2.870475553028185800e+01	2.308574456764786120e+01	2.588648018404591866e+01	2.678254717133225071e+01	2.261691952174068376e+01	2.590212928022302208e+01	2.215342234720900549e+01	2.264078227155388845e+01	2.948450086414494464e+01	2.469093920683918242e+01	2.291623484664636479e+01	2.034244135599604775e+01	2.818510847678359355e+01	2.083053183233383976e+01	2.624812785962560824e+01	2.408529952713204381e+01	2.397356115619501793e+01	2.684231338455234450e+01
2.350996379774732148e+01	0.000000000000000000e+00	2.704772466792280383e+01	1.896442293046044369e+01	2.313900220995063606e+01	2.392167618158507025e+01	1.979150960058098718e+01	2.494956674204145131e+01	2.038679658396688765e+01	2.572299038238183755e+01	2.437699560136911003e+01	2.302043082027606857e+01	1.922500245719404077e+01	2.021126107934570015e+01	2.101562229722513564e+01	1.687294472036511195e+01	2.541301101553668573e+01	2.123813599990267775e+01	2.166442494761099624e+01	2.105202336481969638e+01
2.870475553028185800e+01	2.704772466792280383e+01	0.000000000000000000e+00	2.269261863683162872e+01	2.858040138196770030e+01	2.645722751500662895e+01	2.381450245863273096e+01	2.784981054231354847e+01	2.520921163183116320e+01	2.454883349100667189e+01	3.017113128743453032e+01	2.716261993190607171e+01	2.274101447712856228e+01	2.042885686760394037e+01	2.600734962541588047e+01	2.313821415579327834e+01	2.890657774154869486e+01	2.328497199308274901e+01	2.715139211230415128e+01	2.779772987336579959e+01
2.308574456764786120e+01	1.896442293046044369e+01	2.269261863683162872e+01	0.000000000000000000e+00	2.122216251920371377e+01	2.040104466440666897e+01	2.086207630528505419e+01	2.223589483170971093e+01	1.714445055475430024e+01	1.969692007947072909e+01	2.517410858550700326e+01	1.814075603178217477e+01	1.992023866469441629e+01	1.706245170600287864e+01	2.057223250278777016e+01	1.756041080915153429e+01	1.854005283231564505e+01	2.041189446269650531e+01	1.933047209542033684e+01	2.119470469089461062e+01
2.588648018404591866e+01	2.313900220995063606e+01	2.858040138196770030e+01	2.122216251920371377e+01	0.000000000000000000e+00	2.839402053455184571e+01	2.095924632920548092e+01	2.940335475892738515e+01	2.193303243140585579e+01	2.088506328134321066e+01	3.182615507841330071e+01	2.514694627886549227e+01	2.567861547123142429e+01	2.014371471799950442e+01	2.900909138842903801e+01	2.228536449267119934e+01	2.878750271316783582e+01	2.371741662091849534e+01	2.581960804428010903e+01	2.767222989475637362e+01
2.678254717133225071e+01	2.392167618158507025e+01	2.645722751500662895e+01	2.040104466440666897e+01	2.839402053455184571e+01	0.000000000000000000e+00	2.438988240163001819e+01	2.876202616265176459e+01	2.167738796334953832e+01	2.582396684838590417e+01	2.641041982393530674e+01	2.597992497072376850e+01	2.362616951567014212e+01	2.252626234785110526e+01	2.788064207165430730e+01	1.915092005737226799e+01	2.488665920100963902e+01	2.351775452174452496e+01	2.305823566697402072e+01	2.724527661276980339e+01
2.261691952174068376e+01	1.979150960058098718e+01	2.381450245863273096e+01	2.086207630528505419e+01	2.095924632920548092e+01	2.438988240163001819e+01	0.000000000000000000e+00	2.288365651917880683e+01	1.793812398025494659e+01	2.231000898082571382e+01	2.805039609632581943e+01	2.378821792465431884e+01	2.163573813888776698e+01	1.906315098666581775e+01	2.342404339564538418e+01	1.725665784985177353e+01	2.476514554101629528e+01	2.011120714607625715e+01	2.130971889986980017e+01	2.051172302713102269e+01
2.590212928022302208e+01	2.494956674204145131e+01	2.784981054231354847e+01	2.223589483170971093e+01	2.940335475892738515e+01	2.876202616265176459e+01	2.288365651917880683e+01	0.000000000000000000e+00	2.101113125957554573e+01	2.526602227358990760e+01	2.954636554122206249e+01	2.380315486980533990e+01	2.457860133311042361e+01	2.080254468219201414e+01	2.832718290744634970e+01	2.408120305496331781e+01	2.623037585963195539e+01	2.124527907590042020e+01	2.356272569266047157e+01	2.429214227164038320e+01
2.215342234720900549e+01	2.038679658396688765e+01	2.520921163183116320e+01	1.714445055475430024e+01	2.193303243140585579e+01	2.167738796334953832e+01	1.793812398025494659e+01	2.101113125957554573e+01	0.000000000000000000e+00	2.215270793503592373e+01	2.405434337486697771e+01	2.124571010226435064e+01	2.193011226305930705e+01	1.892262533886952980e+01	2.100060606380663586e+01	1.894558224222690157e+01	2.395127158401668055e+01	2.046209424317560988e+01	2.021193191578988291e+01	2.202625795965646205e+01
2.264078227155388845e+01	2.572299038238183755e+01	2.454883349100667189e+01	1.969692007947072909e+01	2.088506328134321066e+01	2.582396684838590417e+01	2.231000898082571382e+01	2.526602227358990760e+01	2.215270793503592373e+01	0.000000000000000000e+00	2.500479048513814462e+01	2.331912557298229061e+01	2.231722987652830525e+01	2.134148091656021151e+01	2.446331546689062719e+01	2.232029288241610132e+01	2.400993311128705798e+01	2.167203583931563315e+01	2.284258133861588647e+01	2.373438170685753335e+01
2.948450086414494464e+01	2.437699560136911003e+01	3.017113128743453032e+01	2.517410858550700326e+01	3.182615507841330071e+01	2.641041982393530674e+01	2.805039609632581943e+01	2.954636554122206249e+01	2.405434337486697771e+01	2.500479048513814462e+01	0.000000000000000000e+00	3.025022234982326097e+01	2.701810986653162772e+01	2.425791046768704007e+01	2.898299487194799440e+01	2.436506168431820285e+01	3.091221600603865838e+01	2.772042528488679025e+01	2.467617281291307307e+01	3.156383875131587047e+01
2.469093920683918242e+01	2.302043082027606857e+01	2.716261993190607171e+01	1.814075603178217477e+01	2.514694627886549227e+01	2.597992497072376850e+01	2.378821792465431884e+01	2.380315486980533990e+01	2.124571010226435064e+01	2.331912557298229061e+01	3.025022234982326097e+01	0.000000000000000000e+00	2.251083504902283750e+01	1.973237846702661358e+01	2.523115021425753568e+01	1.866311510141626329e+01	2.490674454535266236e+01	2.085521388982498081e+01	2.328657802846541358e+01	2.224311669375585510e+01
2.291623484664636479e+01	1.922500245719404077e+01	2.274101447712856228e+01	1.992023866469441629e+01	2.567861547123142429e+01	2.362616951567014212e+01	2.163573813888776698e+01	2.457860133311042361e+01	2.193011226305930705e+01	2.231722987652830525e+01	2.701810986653162772e+01	2.251083504902283750e+01	0.000000000000000000e+00	2.061032379197119013e+01	2.259820645333222799e+01	2.127011903394825509e+01	2.446350612117971579e+01	2.196800971470296915e+01	2.160060070647765329e+01	2.493881180984431722e+01
2.034244135599604775e+01	2.021126107934570015e+01	2.042885686760394037e+01	1.706245170600287864e+01	2.014371471799950442e+01	2.252626234785110526e+01	1.906315098666581775e+01	2.080254468219201414e+01	1.892262533886952980e+01	2.134148091656021151e+01	2.425791046768704007e+01	1.973237846702661358e+01	2.061032379197119013e+01	0.000000000000000000e+00	2.289088009591299766e+01	1.714303116617649536e+01	2.347890228585293215e+01	2.048789120237850270e+01	1.989215254310553860e+01	1.949797335881339322e+01
2.818510847678359355e+01	2.101562229722513564e+01	2.600734962541588047e+01	2.057223250278777016e+01	2.900909138842903801e+01	2.788064207165430730e+01	2.342404339564538418e+01	2.832718290744634970e+01	2.100060606380663586e+01	2.446331546689062719e+01	2.898299487194799440e+01	2.523115021425753568e+01	2.259820645333222799e+01	2.289088009591299766e+01	0.000000000000000000e+00	2.122792003071500133e+01	2.529127855509529965e+01	2.340374121166776433e+01	2.428912412983951796e+01	2.489966555249694835e+01
2.083053183233383976e+01	1.687294472036511195e+01	2.313821415579327834e+01	1.756041080915153429e+01	2.228536449267119934e+01	1.915092005737226799e+01	1.725665784985177353e+01	2.408120305496331781e+01	1.894558224222690157e+01	2.232029288241610132e+01	2.436506168431820285e+01	1.866311510141626329e+01	2.127011903394825509e+01	1.714303116617649536e+01	2.122792003071500133e+01	0.000000000000000000e+00	2.362255225931296110e+01	1.806961002246125858e+01	1.816866882324441690e+01	1.967056082670366024e+01
2.624812785962560824e+01	2.541301101553668573e+01	2.890657774154869486e+01	1.854005283231564505e+01	2.878750271316783582e+01	2.488665920100963902e+01	2.476514554101629528e+01	2.623037585963195539e+01	2.395127158401668055e+01	2.400993311128705798e+01	3.091221600603865838e+01	2.490674454535266236e+01	2.446350612117971579e+01	2.347890228585293215e+01	2.529127855509529965e+01	2.362255225931296110e+01	0.000000000000000000e+00	2.502259441982468147e+01	2.590199005840774760e+01	2.851601166401950493e+01
2.408529952713204381e+01	2.123813599990267775e+01	2.328497199308274901e+01	2.041189446269650531e+01	2.371741662091849534e+01	2.351775452174452496e+01	2.011120714607625715e+01	2.124527907590042020e+01	2.046209424317560988e+01	2.167203583931563315e+01	2.772042528488679025e+01	2.085521388982498081e+01	2.196800971470296915e+01	2.048789120237850270e+01	2.340374121166776433e+01	1.806961002246125858e+01	2.502259441982468147e+01	0.000000000000000000e+00	1.958360731842986624e+01	2.398053007783257584e+01
2.397356115619501793e+01	2.166442494761099624e+01	2.715139211230415128e+01	1.933047209542033684e+01	2.581960804428010903e+01	2.305823566697402072e+01	2.130971889986980017e+01	2.356272569266047157e+01	2.021193191578988291e+01	2.284258133861588647e+01	2.467617281291307307e+01	2.328657802846541358e+01	2.160060070647765329e+01	1.989215254310553860e+01	2.428912412983951796e+01	1.816866882324441690e+01	2.590199005840774760e+01	1.958360731842986624e+01	0.000000000000000000e+00	2.402911532185503063e+01
2.684231338455234450e+01	2.105202336481969638e+01	2.779772987336579959e+01	2.119470469089461062e+01	2.767222989475637362e+01	2.724527661276980339e+01	2.051172302713102269e+01	2.429214227164038320e+01	2.202625795965646205e+01	2.373438170685753335e+01	3.156383875131587047e+01	2.224311669375585510e+01	2.493881180984431722e+01	1.949797335881339322e+01	2.489966555249694835e+01	1.967056082670366024e+01	2.851601166401950493e+01	2.398053007783257584e+01	2.402911532185503063e+01	0.000000000000000000e+00
