0.000000000000000000e+00	1.613971196821718124e+01	2.843397274199572422e+01	2.192157892240145500e+01	2.218523825732082244e+01	2.208586087271718057e+01	1.769049399318553029e+01	2.559977921561504388e+01	2.497382539889999364e+01	2.719245643674824819e+01	2.890974712521431300e+01	2.280599640994456223e+01	2.425294762394528902e+01	1.898281234732581879e+01	2.678604004560572349e+01	2.243850626405756898e+01	2.471981515443591704e+01	2.560126369106970401e+01	2.321686622745106376e+01	2.880517407651936068e+01
1.613971196821718124e+01	0.000000000000000000e+00	1.986054969532295544e+01	1.427743751034596897e+01	1.655132402345101639e+01	1.634663135242509568e+01	1.241516305247475493e+01	1.711979565172727646e+01	1.510511504717761966e+01	1.531203443138553233e+01	1.945042211554378397e+01	1.386359874193014363e+01	1.810433276160135563e+01	1.582599282213232961e+01	1.634663135242509568e+01	1.541289629144383255e+01	2.243776402633023892e+01	2.870466109105263541e+01	1.448435689455388165e+01	1.805130399952655296e+01
2.843397274199572422e+01	1.986054969532295544e+01	0.000000000000000000e+00	2.486331444838640437e+01	3.468850023299357588e+01	2.255421287866247226e+01	2.280525417221722861e+01	2.482141925222154910e+01	2.632139922829708212e+01	2.781307760685846020e+01	3.123220897403018625e+01	2.347904108691577107e+01	2.709975919169058045e+01	2.260995421102436254e+01	2.833904878375606273e+01	2.419620767323382893e+01	2.998920819332805365e+01	3.681286672778280433e+01	3.239950291329704157e+01	2.663363389892727540e+01
2.192157892240145500e+01	1.427743751034596897e+01	2.486331444838640437e+01	0.000000000000000000e+00	1.784141566440931825e+01	1.531054995593087398e+01	1.500128423620999740e+01	2.027141951282946408e+01	1.799827523745174318e+01	1.758592094449057797e+01	3.222783516127002912e+01	1.479288037654742460e+01	2.451512248340999633e+01	1.479288037654742460e+01	3.135062024594000718e+01	1.716911322516543592e+01	1.794747318855892715e+01	1.882595277428339386e+01	2.398631933811659778e+01	2.590904493533591690e+01
2.218523825732082244e+01	1.655132402345101639e+01	3.468850023299357588e+01	1.784141566440931825e+01	0.000000000000000000e+00	2.188042596396392980e+01	2.429558505783747435e+01	2.182071706234315300e+01	3.077354439254268925e+01	2.156744905560640646e+01	3.764875512659975243e+01	1.892978358525101612e+01	2.368670270885101559e+01	1.825228548191582334e+01	2.157116024424305323e+01	1.773981156662368619e+01	2.136127190912582208e+01	3.512426693006037937e+01	1.789370218875679441e+01	2.663289166119994889e+01
2.208586087271718057e+01	1.634663135242509568e+01	2.255421287866247226e+01	1.531054995593087398e+01	2.188042596396392980e+01	0.000000000000000000e+00	1.831199438353660014e+01	2.379053351981863784e+01	2.290908498318485087e+01	2.141281619574596817e+01	3.427252548692461431e+01	2.656933458842899753e+01	3.597060081702678502e+01	1.738122827346465726e+01	2.379572918390994829e+01	1.991432069512509528e+01	2.276113226287038316e+01	2.312194226921140583e+01	2.322131965381504415e+01	2.591127164851790710e+01
1.769049399318553029e+01	1.241516305247475493e+01	2.280525417221722861e+01	1.500128423620999740e+01	2.429558505783747435e+01	1.831199438353660014e+01	0.000000000000000000e+00	3.098780333147720967e+01	1.934139564048485127e+01	1.738122827346465726e+01	2.331409972141940301e+01	1.722511093814955885e+01	1.831199438353660014e+01	1.798862614699645235e+01	2.135904519594383189e+01	1.753511889559776549e+01	2.156448010469708620e+01	2.352835866035393053e+01	1.417360669937834849e+01	2.192677458649276190e+01
2.559977921561504388e+01	1.711979565172727646e+01	2.482141925222154910e+01	2.027141951282946408e+01	2.182071706234315300e+01	2.379053351981863784e+01	3.098780333147720967e+01	0.000000000000000000e+00	1.768826728000354365e+01	2.042902132359922263e+01	3.121132591071344109e+01	2.263646463557068245e+01	2.291056945863951100e+01	2.580001846027698775e+01	3.675346045376893045e+01	2.378459561799999733e+01	2.709233681441727626e+01	2.982059221475704902e+01	2.198203006174955831e+01	3.773873980137033612e+01
2.497382539889999364e+01	1.510511504717761966e+01	2.632139922829708212e+01	1.799827523745174318e+01	3.077354439254268925e+01	2.290908498318485087e+01	1.934139564048485127e+01	1.768826728000354365e+01	0.000000000000000000e+00	2.530099731804612873e+01	3.500397781956014143e+01	2.305629546577198496e+01	2.486999458793237494e+01	1.391514302855028795e+01	1.975894559753732693e+01	2.752438440986527013e+01	1.965363031111504455e+01	2.068822723215460613e+01	2.233838664172659705e+01	2.544291964257261540e+01
2.719245643674824819e+01	1.531203443138553233e+01	2.781307760685846020e+01	1.758592094449057797e+01	2.156744905560640646e+01	2.141281619574596817e+01	1.738122827346465726e+01	2.042902132359922263e+01	2.530099731804612873e+01	0.000000000000000000e+00	2.213592068388266654e+01	2.264542564826548343e+01	2.290834274545752081e+01	1.608742544386970508e+01	2.089514661636252058e+01	2.165940406293674059e+01	2.322057741608771408e+01	2.369115613521499597e+01	1.908070525647480054e+01	2.327731736679917063e+01
2.890974712521431300e+01	1.945042211554378397e+01	3.123220897403018625e+01	3.222783516127002912e+01	3.764875512659975243e+01	3.427252548692461431e+01	2.331409972141940301e+01	3.121132591071344109e+01	3.500397781956014143e+01	2.213592068388266654e+01	0.000000000000000000e+00	2.657540947276116228e+01	3.946844631054562313e+01	1.970517459773519064e+01	2.942296327823378377e+01	2.347681437373378088e+01	2.581189426391426878e+01	3.102900077845892568e+01	3.709902267100493845e+01	4.121260421113174743e+01
2.280599640994456223e+01	1.386359874193014363e+01	2.347904108691577107e+01	1.479288037654742460e+01	1.892978358525101612e+01	2.656933458842899753e+01	1.722511093814955885e+01	2.263646463557068245e+01	2.305629546577198496e+01	2.264542564826548343e+01	2.657540947276116228e+01	0.000000000000000000e+00	2.698702152799499387e+01	1.303592120509849295e+01	2.022284417711863824e+01	2.233541769081727679e+01	2.042976356132654914e+01	2.017352660368048234e+01	2.182071706234315300e+01	2.291279617182150119e+01
2.425294762394528902e+01	1.810433276160135563e+01	2.709975919169058045e+01	2.451512248340999633e+01	2.368670270885101559e+01	3.597060081702678502e+01	1.831199438353660014e+01	2.291056945863951100e+01	2.486999458793237494e+01	2.290834274545752081e+01	3.946844631054562313e+01	2.698702152799499387e+01	0.000000000000000000e+00	1.810433276160135563e+01	2.813880953909411886e+01	2.254382155047985137e+01	2.400264856811785918e+01	2.694586856955747223e+01	2.730074067407984728e+01	3.389616506387168471e+01
1.898281234732581879e+01	1.582599282213232961e+01	2.260995421102436254e+01	1.479288037654742460e+01	1.825228548191582334e+01	1.738122827346465726e+01	1.798862614699645235e+01	2.580001846027698775e+01	1.391514302855028795e+01	1.608742544386970508e+01	1.970517459773519064e+01	1.303592120509849295e+01	1.810433276160135563e+01	0.000000000000000000e+00	2.166831091566470491e+01	1.928666259789517312e+01	2.794363864743261772e+01	2.548904846004123570e+01	1.582896177304164809e+01	2.503899601665696650e+01
2.678604004560572349e+01	1.634663135242509568e+01	2.833904878375606273e+01	3.135062024594000718e+01	2.157116024424305323e+01	2.379572918390994829e+01	2.135904519594383189e+01	3.675346045376893045e+01	1.975894559753732693e+01	2.089514661636252058e+01	2.942296327823378377e+01	2.022284417711863824e+01	2.813880953909411886e+01	2.166831091566470491e+01	0.000000000000000000e+00	2.782648413293507161e+01	2.750988677146975547e+01	2.885746060086684039e+01	2.306594455622727580e+01	3.954894753995428403e+01
2.243850626405756898e+01	1.541289629144383255e+01	2.419620767323382893e+01	1.716911322516543592e+01	1.773981156662368619e+01	1.991432069512509528e+01	1.753511889559776549e+01	2.378459561799999733e+01	2.752438440986527013e+01	2.165940406293674059e+01	2.347681437373378088e+01	2.233541769081727679e+01	2.254382155047985137e+01	1.928666259789517312e+01	2.782648413293507161e+01	0.000000000000000000e+00	3.191367640506474856e+01	2.188042596396392980e+01	2.819528519620117279e+01	2.248021823072422976e+01
2.471981515443591704e+01	2.243776402633023892e+01	2.998920819332805365e+01	1.794747318855892715e+01	2.136127190912582208e+01	2.276113226287038316e+01	2.156448010469708620e+01	2.709233681441727626e+01	1.965363031111504455e+01	2.322057741608771408e+01	2.581189426391426878e+01	2.042976356132654914e+01	2.400264856811785918e+01	2.794363864743261772e+01	2.750988677146975547e+01	3.191367640506474856e+01	0.000000000000000000e+00	3.334997815182013881e+01	2.125521438497620963e+01	2.751434019783373586e+01
2.560126369106970401e+01	2.870466109105263541e+01	3.681286672778280433e+01	1.882595277428339386e+01	3.512426693006037937e+01	2.312194226921140583e+01	2.352835866035393053e+01	2.982059221475704902e+01	2.068822723215460613e+01	2.369115613521499597e+01	3.102900077845892568e+01	2.017352660368048234e+01	2.694586856955747223e+01	2.548904846004123570e+01	2.885746060086684039e+01	2.188042596396392980e+01	3.334997815182013881e+01	0.000000000000000000e+00	2.213592068388266654e+01	3.624610729300358969e+01
2.321686622745106376e+01	1.448435689455388165e+01	3.239950291329704157e+01	2.398631933811659778e+01	1.789370218875679441e+01	2.322131965381504415e+01	1.417360669937834849e+01	2.198203006174955831e+01	2.233838664172659705e+01	1.908070525647480054e+01	3.709902267100493845e+01	2.182071706234315300e+01	2.730074067407984728e+01	1.582896177304164809e+01	2.306594455622727580e+01	2.819528519620117279e+01	2.125521438497620963e+01	2.213592068388266654e+01	0.000000000000000000e+00	2.425591657485460573e+01
2.880517407651936068e+01	1.805130399952655296e+01	2.663363389892727540e+01	2.590904493533591690e+01	2.663289166119994889e+01	2.591127164851790710e+01	2.192677458649276190e+01	3.773873980137033612e+01	2.544291964257261540e+01	2.327731736679917063e+01	4.121260421113174743e+01	2.291279617182150119e+01	3.389616506387168471e+01	2.503899601665696650e+01	3.954894753995428403e+01	2.248021823072422976e+01	2.751434019783373586e+01	3.624610729300358969e+01	2.425591657485460573e+01	0.000000000000000000e+00
