0.000000000000000000e+00	1.901150057934266613e+01	1.436242786815348893e+01	1.626056717855441391e+01	1.934632202844437288e+01	2.061141664246326499e+01	1.990432143881372440e+01	3.072412423993851860e+01	2.813771963592949987e+01	2.097338401740199743e+01	2.252856761759013438e+01	2.452730426085551940e+01	2.302739192852910577e+01	1.633554553841340606e+01	2.126404910964162553e+01	2.316423966945260915e+01	2.672984686690110934e+01	1.873624469895250400e+01	2.037335586958849376e+01	1.891622170849148432e+01
1.901150057934266613e+01	0.000000000000000000e+00	1.733869912303511640e+01	1.403865337609967945e+01	1.739073514182030067e+01	1.874948583518563083e+01	1.393259208419923745e+01	2.536018848566802930e+01	2.403773640328789085e+01	2.098034273308397957e+01	2.246538731382455722e+01	2.341348110641760627e+01	2.047979186165778032e+01	1.919117093142433461e+01	2.179509961846352084e+01	2.063939034723480503e+01	2.647894118306578903e+01	1.873978463034495689e+01	2.001330847286083880e+01	1.920297583722758716e+01
1.436242786815348893e+01	1.733869912303511640e+01	0.000000000000000000e+00	1.515527766386369102e+01	1.942355934881501511e+01	1.971842859798375613e+01	1.654581074309784938e+01	2.709840943503386512e+01	2.469036578796385228e+01	1.833824723969670956e+01	2.099191825305411996e+01	2.119685558991709939e+01	1.987963254040321459e+01	1.795091712930396000e+01	2.025882461731841389e+01	1.981624314613282323e+01	2.496966039589355546e+01	2.156425365418117934e+01	2.488632743531604774e+01	1.862155255732365333e+01
1.626056717855441391e+01	1.403865337609967945e+01	1.515527766386369102e+01	0.000000000000000000e+00	1.515232644117145533e+01	1.772633160842287836e+01	1.626129896263719132e+01	2.553135129595219865e+01	1.958839220011615723e+01	2.218907590372313265e+01	1.772651499439644951e+01	2.317663741329382887e+01	1.999708861192605625e+01	1.654752345492598309e+01	1.697713743295333799e+01	1.714386910217517368e+01	1.804525065403974082e+01	1.825802302522329157e+01	2.145991341740592162e+01	1.635494683613534050e+01
1.934632202844437288e+01	1.739073514182030067e+01	1.942355934881501511e+01	1.515232644117145533e+01	0.000000000000000000e+00	2.336336969623291182e+01	1.894758309707258803e+01	3.109661041766275247e+01	2.630186739140256691e+01	1.868257519005990019e+01	2.051152881358969893e+01	2.214343458580966839e+01	2.216561314447169551e+01	2.062627254696801415e+01	2.430627033454149455e+01	2.394457231561693433e+01	2.724098898601802432e+01	2.524715542926451661e+01	2.270489736988982798e+01	1.892719599703685418e+01
2.061141664246326499e+01	1.874948583518563083e+01	1.971842859798375613e+01	1.772633160842287836e+01	2.336336969623291182e+01	0.000000000000000000e+00	1.879091319196560050e+01	3.197379900275702624e+01	2.608490164989305526e+01	2.618314212674588504e+01	2.611832996244529781e+01	2.288446385982950204e+01	2.472460620488953253e+01	2.406434763503381546e+01	2.662799334504628490e+01	2.159736678315681857e+01	2.566776598477503768e+01	2.620512720975223786e+01	2.332936589661323268e+01	1.992398967914012786e+01
1.990432143881372440e+01	1.393259208419923745e+01	1.654581074309784938e+01	1.626129896263719132e+01	1.894758309707258803e+01	1.879091319196560050e+01	0.000000000000000000e+00	2.906962521544184952e+01	2.181878994458522314e+01	1.657308688927811957e+01	2.014960695249316203e+01	2.117774842329589546e+01	1.924404639231863712e+01	1.703051716770066548e+01	1.972925285826667263e+01	2.182730912490081820e+01	2.330903264231444894e+01	1.734220400380007376e+01	2.028042213047065445e+01	1.770081344373391019e+01
3.072412423993851860e+01	2.536018848566802930e+01	2.709840943503386512e+01	2.553135129595219865e+01	3.109661041766275247e+01	3.197379900275702624e+01	2.906962521544184952e+01	0.000000000000000000e+00	3.685373850511992089e+01	3.213238136072178719e+01	3.360547542922307684e+01	3.759114425142557536e+01	3.073075778375174139e+01	2.770193297005676314e+01	3.146601933624218006e+01	3.490317363093829783e+01	3.662198455726900193e+01	3.269790596145080741e+01	3.375676632597415505e+01	2.661267439029813531e+01
2.813771963592949987e+01	2.403773640328789085e+01	2.469036578796385228e+01	1.958839220011615723e+01	2.630186739140256691e+01	2.608490164989305526e+01	2.181878994458522314e+01	3.685373850511992089e+01	0.000000000000000000e+00	2.708132816203231386e+01	3.123680674233587240e+01	3.052945418917545695e+01	2.834770057005060906e+01	2.482348200107461977e+01	3.250407047822842088e+01	2.824825450871561472e+01	3.068610443599100890e+01	2.764066357547199715e+01	3.166718245136034326e+01	2.645662953553324215e+01
2.097338401740199743e+01	2.098034273308397957e+01	1.833824723969670956e+01	2.218907590372313265e+01	1.868257519005990019e+01	2.618314212674588504e+01	1.657308688927811957e+01	3.213238136072178719e+01	2.708132816203231386e+01	0.000000000000000000e+00	2.323447795379281189e+01	2.412649976624947357e+01	2.402591298460019331e+01	2.163105776311529027e+01	2.360091302223902332e+01	2.105397299523360033e+01	2.865568666167206047e+01	2.437750865161764224e+01	2.205129727650419014e+01	1.946761877315023526e+01
2.252856761759013438e+01	2.246538731382455722e+01	2.099191825305411996e+01	1.772651499439644951e+01	2.051152881358969893e+01	2.611832996244529781e+01	2.014960695249316203e+01	3.360547542922307684e+01	3.123680674233587240e+01	2.323447795379281189e+01	0.000000000000000000e+00	2.544996422043672979e+01	2.491524457676369053e+01	2.247501591126638942e+01	2.877963241834888208e+01	2.410754067740584361e+01	3.075465189071335459e+01	2.437185840679267201e+01	2.725311477970073426e+01	2.372784969779456787e+01
2.452730426085551940e+01	2.341348110641760627e+01	2.119685558991709939e+01	2.317663741329382887e+01	2.214343458580966839e+01	2.288446385982950204e+01	2.117774842329589546e+01	3.759114425142557536e+01	3.052945418917545695e+01	2.412649976624947357e+01	2.544996422043672979e+01	0.000000000000000000e+00	2.426180250675733774e+01	2.469489263362952514e+01	2.487388439676678331e+01	2.629884055871437809e+01	3.304900745907854542e+01	2.996736953640527545e+01	2.522618890175384720e+01	2.566215245220579177e+01
2.302739192852910577e+01	2.047979186165778032e+01	1.987963254040321459e+01	1.999708861192605625e+01	2.216561314447169551e+01	2.472460620488953253e+01	1.924404639231863712e+01	3.073075778375174139e+01	2.834770057005060906e+01	2.402591298460019331e+01	2.491524457676369053e+01	2.426180250675733774e+01	0.000000000000000000e+00	2.057574077028920456e+01	2.370565022302118763e+01	2.391670500780815445e+01	2.571543951961394470e+01	2.673890535289561043e+01	2.324342886166626343e+01	2.125124957667333092e+01
1.633554553841340606e+01	1.919117093142433461e+01	1.795091712930396000e+01	1.654752345492598309e+01	2.062627254696801415e+01	2.406434763503381546e+01	1.703051716770066548e+01	2.770193297005676314e+01	2.482348200107461977e+01	2.163105776311529027e+01	2.247501591126638942e+01	2.469489263362952514e+01	2.057574077028920456e+01	0.000000000000000000e+00	2.115914645481337075e+01	2.137588869747960629e+01	2.621924423290641926e+01	2.295899055178642456e+01	2.137182968085502566e+01	1.710913284798828116e+01
2.126404910964162553e+01	2.179509961846352084e+01	2.025882461731841389e+01	1.697713743295333799e+01	2.430627033454149455e+01	2.662799334504628490e+01	1.972925285826667263e+01	3.146601933624218006e+01	3.250407047822842088e+01	2.360091302223902332e+01	2.877963241834888208e+01	2.487388439676678331e+01	2.370565022302118763e+01	2.115914645481337075e+01	0.000000000000000000e+00	2.130983100833134003e+01	2.861165379989101964e+01	2.694380094407280879e+01	2.585781753858665866e+01	2.215881302949393472e+01
2.316423966945260915e+01	2.063939034723480503e+01	1.981624314613282323e+01	1.714386910217517368e+01	2.394457231561693433e+01	2.159736678315681857e+01	2.182730912490081820e+01	3.490317363093829783e+01	2.824825450871561472e+01	2.105397299523360033e+01	2.410754067740584361e+01	2.629884055871437809e+01	2.391670500780815445e+01	2.137588869747960629e+01	2.130983100833134003e+01	0.000000000000000000e+00	3.143517036071131088e+01	2.267062574429035493e+01	2.739607142592200617e+01	2.159819194488930094e+01
2.672984686690110934e+01	2.647894118306578903e+01	2.496966039589355546e+01	1.804525065403974082e+01	2.724098898601802432e+01	2.566776598477503768e+01	2.330903264231444894e+01	3.662198455726900193e+01	3.068610443599100890e+01	2.865568666167206047e+01	3.075465189071335459e+01	3.304900745907854542e+01	2.571543951961394470e+01	2.621924423290641926e+01	2.861165379989101964e+01	3.143517036071131088e+01	0.000000000000000000e+00	2.921674934954152647e+01	3.384976539647559690e+01	2.642827674898089541e+01
1.873624469895250400e+01	1.873978463034495689e+01	2.156425365418117934e+01	1.825802302522329157e+01	2.524715542926451661e+01	2.620512720975223786e+01	1.734220400380007376e+01	3.269790596145080741e+01	2.764066357547199715e+01	2.437750865161764224e+01	2.437185840679267201e+01	2.996736953640527545e+01	2.673890535289561043e+01	2.295899055178642456e+01	2.694380094407280879e+01	2.267062574429035493e+01	2.921674934954152647e+01	0.000000000000000000e+00	2.533191525116398424e+01	2.467205418797303906e+01
2.037335586958849376e+01	2.001330847286083880e+01	2.488632743531604774e+01	2.145991341740592162e+01	2.270489736988982798e+01	2.332936589661323268e+01	2.028042213047065445e+01	3.375676632597415505e+01	3.166718245136034326e+01	2.205129727650419014e+01	2.725311477970073426e+01	2.522618890175384720e+01	2.324342886166626343e+01	2.137182968085502566e+01	2.585781753858665866e+01	2.739607142592200617e+01	3.384976539647559690e+01	2.533191525116398424e+01	0.000000000000000000e+00	2.012746499151451118e+01
1.891622170849148432e+01	1.920297583722758716e+01	1.862155255732365333e+01	1.635494683613534050e+01	1.892719599703685418e+01	1.992398967914012786e+01	1.770081344373391019e+01	2.661267439029813531e+01	2.645662953553324215e+01	1.946761877315023526e+01	2.372784969779456787e+01	2.566215245220579177e+01	2.125124957667333092e+01	1.710913284798828116e+01	2.215881302949393472e+01	2.159819194488930094e+01	2.642827674898089541e+01	2.467205418797303906e+01	2.012746499151451118e+01	0.000000000000000000e+00
