0.000000000000000000e+00	2.804405013453683182e+01	2.944861621920921735e+01	2.587022355020833686e+01	2.604999652769268081e+01	2.330459187805944055e+01	3.056034970056000688e+01	2.232444198760678944e+01	2.668080798325754799e+01	2.210992777081944993e+01	2.416650042310075364e+01	2.902312438906482228e+01	2.350328520261846066e+01	1.851290777577101210e+01	2.322108201453590226e+01	2.450388682279028885e+01	2.752478799612935489e+01	2.294629800413645171e+01	2.367415173105546344e+01	2.793733889729024611e+01
2.804405013453683182e+01	0.000000000000000000e+00	2.900787439825903391e+01	2.573571492701618268e+01	2.434765039374868678e+01	2.573561988630363473e+01	2.731097749177190082e+01	2.025052193916026155e+01	2.702357744348354984e+01	2.209187968240622624e+01	2.263561377465642011e+01	2.513096175516587394e+01	2.089545388091080014e+01	1.610402214587344361e+01	2.499712643661396427e+01	2.777603741346818467e+01	2.135851543981755896e+01	2.341554240167763012e+01	2.064601807690403135e+01	2.640604602849822768e+01
2.944861621920921735e+01	2.900787439825903391e+01	0.000000000000000000e+00	2.696358207276263386e+01	2.758056464196556234e+01	2.957088172562042772e+01	3.170908251375954734e+01	2.270627728868011985e+01	3.114314475494993317e+01	3.117344576660260813e+01	2.496350833703909444e+01	2.643955236368804762e+01	2.507872615193965160e+01	2.075266651584688660e+01	2.844955431789369982e+01	2.945570802200013105e+01	3.204089273536794735e+01	2.573659754445814585e+01	2.651472621835788601e+01	2.616105876444704137e+01
2.587022355020833686e+01	2.573571492701618268e+01	2.696358207276263386e+01	0.000000000000000000e+00	2.606760116981656950e+01	3.096341001242507218e+01	2.757004600943609418e+01	2.492730676071958840e+01	2.805844992232130153e+01	2.020861388942523362e+01	2.412747869353368557e+01	2.419977156797203932e+01	2.798359659251623199e+01	1.650859278235606098e+01	1.855971132847290761e+01	2.214318173875820150e+01	2.198060664666575548e+01	2.343073508222144241e+01	2.234660154288594924e+01	2.414476577519274514e+01
2.604999652769268081e+01	2.434765039374868678e+01	2.758056464196556234e+01	2.606760116981656950e+01	0.000000000000000000e+00	2.303678847776134475e+01	2.830091881971733514e+01	1.759586500911057882e+01	2.774525618284453898e+01	1.953562483994173959e+01	2.301499839405477843e+01	2.462987563747137543e+01	2.734847526041737353e+01	1.791632794629940406e+01	1.797770031018390924e+01	2.295484668643967296e+01	2.355030188999876017e+01	1.873481911460132210e+01	2.093050877567765511e+01	2.408610231264852075e+01
2.330459187805944055e+01	2.573561988630363473e+01	2.957088172562042772e+01	3.096341001242507218e+01	2.303678847776134475e+01	0.000000000000000000e+00	2.632195550613696966e+01	2.098125710753963347e+01	3.008806315843444068e+01	2.146535359581303837e+01	2.266689291366132863e+01	2.502528257894798713e+01	2.190328359972746242e+01	2.154473682216910646e+01	2.365313397862135503e+01	2.560519619187754969e+01	2.494830245751356657e+01	2.578509662449508610e+01	2.410775225471795125e+01	2.508500352677770096e+01
3.056034970056000688e+01	2.731097749177190082e+01	3.170908251375954734e+01	2.757004600943609418e+01	2.830091881971733514e+01	2.632195550613696966e+01	0.000000000000000000e+00	2.291270832509370692e+01	2.893176165677847322e+01	2.582975866055728886e+01	2.626930084795383280e+01	2.522942513096386463e+01	2.939575824874387422e+01	2.109064587259907952e+01	2.470051709585494493e+01	2.759861273037878249e+01	2.955563661352223903e+01	2.600548145938849132e+01	2.228219334806016860e+01	2.583981179115728111e+01
2.232444198760678944e+01	2.025052193916026155e+01	2.270627728868011985e+01	2.492730676071958840e+01	1.759586500911057882e+01	2.098125710753963347e+01	2.291270832509370692e+01	0.000000000000000000e+00	2.250578303729299279e+01	1.894502590677685561e+01	2.013793319846899976e+01	2.834826874237289829e+01	2.214173857867422157e+01	1.466324614866974940e+01	1.991913849141758064e+01	2.232382697490399792e+01	1.841726455322058342e+01	1.536128107360036665e+01	1.618812984516722864e+01	2.390925488790479392e+01
2.668080798325754799e+01	2.702357744348354984e+01	3.114314475494993317e+01	2.805844992232130153e+01	2.774525618284453898e+01	3.008806315843444068e+01	2.893176165677847322e+01	2.250578303729299279e+01	0.000000000000000000e+00	2.669359354905350301e+01	2.323249008265935700e+01	3.060954997735386485e+01	2.945278446792167060e+01	1.931486018266407712e+01	2.449614423222812576e+01	2.986577199721987341e+01	2.806867207631944083e+01	2.413148476090656658e+01	2.395035196719116399e+01	2.656143225451850398e+01
2.210992777081944993e+01	2.209187968240622624e+01	3.117344576660260813e+01	2.020861388942523362e+01	1.953562483994173959e+01	2.146535359581303837e+01	2.582975866055728886e+01	1.894502590677685561e+01	2.669359354905350301e+01	0.000000000000000000e+00	1.739922985733831950e+01	1.875155149806375832e+01	1.973403886290196851e+01	1.731849603578209340e+01	2.345113782195276286e+01	2.651600569498019411e+01	2.618481534087564100e+01	1.981159476446650913e+01	2.009784813120220548e+01	1.784108258477270326e+01
2.416650042310075364e+01	2.263561377465642011e+01	2.496350833703909444e+01	2.412747869353368557e+01	2.301499839405477843e+01	2.266689291366132863e+01	2.626930084795383280e+01	2.013793319846899976e+01	2.323249008265935700e+01	1.739922985733831950e+01	0.000000000000000000e+00	2.363848182358582051e+01	2.156816850750309555e+01	1.503850759637370160e+01	1.890589877771672889e+01	2.305995008252743972e+01	1.871987048103446227e+01	2.023875122558509076e+01	2.264411300574290564e+01	1.942305815489060805e+01
2.902312438906482228e+01	2.513096175516587394e+01	2.643955236368804762e+01	2.419977156797203932e+01	2.462987563747137543e+01	2.502528257894798713e+01	2.522942513096386463e+01	2.834826874237289829e+01	3.060954997735386485e+01	1.875155149806375832e+01	2.363848182358582051e+01	0.000000000000000000e+00	2.388117572453170823e+01	1.674887074377105378e+01	2.128954745312890751e+01	2.974462472792264478e+01	2.427064821667413952e+01	2.124191575304582003e+01	1.911555184540226549e+01	2.632083575893205207e+01
2.350328520261846066e+01	2.089545388091080014e+01	2.507872615193965160e+01	2.798359659251623199e+01	2.734847526041737353e+01	2.190328359972746242e+01	2.939575824874387422e+01	2.214173857867422157e+01	2.945278446792167060e+01	1.973403886290196851e+01	2.156816850750309555e+01	2.388117572453170823e+01	0.000000000000000000e+00	1.716720409969521910e+01	1.949598809767188001e+01	2.019192561724306145e+01	2.229903346670795017e+01	1.914405494243987249e+01	1.798879238715121076e+01	2.777284043411169634e+01
1.851290777577101210e+01	1.610402214587344361e+01	2.075266651584688660e+01	1.650859278235606098e+01	1.791632794629940406e+01	2.154473682216910646e+01	2.109064587259907952e+01	1.466324614866974940e+01	1.931486018266407712e+01	1.731849603578209340e+01	1.503850759637370160e+01	1.674887074377105378e+01	1.716720409969521910e+01	0.000000000000000000e+00	1.655934111421803934e+01	1.842104030898252987e+01	1.810462755044684258e+01	1.858840550454878482e+01	1.731622472831692150e+01	1.264684190750816484e+01
2.322108201453590226e+01	2.499712643661396427e+01	2.844955431789369982e+01	1.855971132847290761e+01	1.797770031018390924e+01	2.365313397862135503e+01	2.470051709585494493e+01	1.991913849141758064e+01	2.449614423222812576e+01	2.345113782195276286e+01	1.890589877771672889e+01	2.128954745312890751e+01	1.949598809767188001e+01	1.655934111421803934e+01	0.000000000000000000e+00	2.313260560241751307e+01	2.400409689742176056e+01	2.389321252478626434e+01	1.924052631237148958e+01	2.091774322701543909e+01
2.450388682279028885e+01	2.777603741346818467e+01	2.945570802200013105e+01	2.214318173875820150e+01	2.295484668643967296e+01	2.560519619187754969e+01	2.759861273037878249e+01	2.232382697490399792e+01	2.986577199721987341e+01	2.651600569498019411e+01	2.305995008252743972e+01	2.974462472792264478e+01	2.019192561724306145e+01	1.842104030898252987e+01	2.313260560241751307e+01	0.000000000000000000e+00	2.196139469976735015e+01	2.227207892924738175e+01	2.321444199424612975e+01	2.490294206489565099e+01
2.752478799612935489e+01	2.135851543981755896e+01	3.204089273536794735e+01	2.198060664666575548e+01	2.355030188999876017e+01	2.494830245751356657e+01	2.955563661352223903e+01	1.841726455322058342e+01	2.806867207631944083e+01	2.618481534087564100e+01	1.871987048103446227e+01	2.427064821667413952e+01	2.229903346670795017e+01	1.810462755044684258e+01	2.400409689742176056e+01	2.196139469976735015e+01	0.000000000000000000e+00	2.288541319782154559e+01	1.996857111832877507e+01	1.991631833817001507e+01
2.294629800413645171e+01	2.341554240167763012e+01	2.573659754445814585e+01	2.343073508222144241e+01	1.873481911460132210e+01	2.578509662449508610e+01	2.600548145938849132e+01	1.536128107360036665e+01	2.413148476090656658e+01	1.981159476446650913e+01	2.023875122558509076e+01	2.124191575304582003e+01	1.914405494243987249e+01	1.858840550454878482e+01	2.389321252478626434e+01	2.227207892924738175e+01	2.288541319782154559e+01	0.000000000000000000e+00	2.557696854268666797e+01	1.856832129898892347e+01
2.367415173105546344e+01	2.064601807690403135e+01	2.651472621835788601e+01	2.234660154288594924e+01	2.093050877567765511e+01	2.410775225471795125e+01	2.228219334806016860e+01	1.618812984516722864e+01	2.395035196719116399e+01	2.009784813120220548e+01	2.264411300574290564e+01	1.911555184540226549e+01	1.798879238715121076e+01	1.731622472831692150e+01	1.924052631237148958e+01	2.321444199424612975e+01	1.996857111832877507e+01	2.557696854268666797e+01	0.000000000000000000e+00	1.899842536848825958e+01
2.793733889729024611e+01	2.640604602849822768e+01	2.616105876444704137e+01	2.414476577519274514e+01	2.408610231264852075e+01	2.508500352677770096e+01	2.583981179115728111e+01	2.390925488790479392e+01	2.656143225451850398e+01	1.784108258477270326e+01	1.942305815489060805e+01	2.632083575893205207e+01	2.777284043411169634e+01	1.264684190750816484e+01	2.091774322701543909e+01	2.490294206489565099e+01	1.991631833817001507e+01	1.856832129898892347e+01	1.899842536848825958e+01	0.000000000000000000e+00
