0.000000000000000000e+00	2.554162633264549953e+01	2.897584388927603527e+01	2.591335406555752741e+01	2.613362775179583153e+01	2.582929476790281953e+01	2.344136920954858994e+01	2.890053827792324626e+01	2.463896343561949109e+01	2.357266017264937119e+01	2.399525817631910130e+01	2.667808875915607913e+01	2.317982421215382161e+01	2.387309277201934776e+01	2.568973674856453115e+01	1.975099446553966942e+01	2.393766216194950758e+01	2.325865840233227644e+01	2.594050215333231080e+01	2.290776225449049264e+01
2.554162633264549953e+01	0.000000000000000000e+00	2.599849515383573362e+01	2.342506003734931852e+01	2.306391542886247592e+01	2.539825602801195359e+01	2.543437455941919367e+01	2.739581523191184687e+01	2.145852584166738097e+01	2.121439623907119909e+01	2.283630264405338295e+01	2.224240279263103659e+01	2.214250428537064153e+01	2.021634999942555666e+01	2.698791949104555243e+01	2.268217536990650629e+01	2.275844968381377598e+01	2.611203348342830211e+01	2.150284549940229084e+01	2.460606814644022222e+01
2.897584388927603527e+01	2.599849515383573362e+01	0.000000000000000000e+00	2.607680966485378349e+01	2.714039191706253362e+01	2.520227767852222200e+01	2.327595240216183115e+01	2.831909245488533600e+01	2.581914825150661486e+01	2.543394351354523053e+01	2.387316615134398745e+01	2.487201389050444078e+01	2.624138911051470657e+01	2.154320940842199761e+01	2.607481701193005108e+01	2.305697565081769795e+01	2.600046983546898360e+01	2.615134414206807278e+01	2.471907754711262584e+01	2.821150327067118013e+01
2.591335406555752741e+01	2.342506003734931852e+01	2.607680966485378349e+01	0.000000000000000000e+00	2.560389071197673516e+01	2.822286969792963163e+01	2.269672909254656190e+01	2.721495681374068809e+01	2.470158332788714617e+01	2.456792042027573686e+01	2.242215015523042254e+01	2.583820392541501221e+01	2.464026662938625378e+01	1.915784242824533123e+01	2.462850790223340880e+01	2.102601931832747084e+01	2.457473123004448112e+01	2.525755097391741444e+01	2.722685181432019874e+01	2.592728637633235067e+01
2.613362775179583153e+01	2.306391542886247592e+01	2.714039191706253362e+01	2.560389071197673516e+01	0.000000000000000000e+00	2.617637281192447674e+01	2.270642141084405097e+01	2.513225741773987920e+01	2.467208854363039450e+01	2.144658022179358525e+01	2.292677746721042453e+01	2.146126956961703769e+01	2.460722499579746980e+01	1.985088451048520852e+01	2.379422446387746248e+01	2.252198359101801373e+01	2.504989225469852698e+01	2.545715398718254363e+01	2.460925653958466697e+01	2.487208225617673563e+01
2.582929476790281953e+01	2.539825602801195359e+01	2.520227767852222200e+01	2.822286969792963163e+01	2.617637281192447674e+01	0.000000000000000000e+00	2.394435617437483188e+01	2.869760438380160039e+01	2.804207491262630825e+01	2.544141785096387665e+01	2.428749269689118861e+01	2.490105119551837021e+01	2.623773880118192281e+01	2.048257333856260587e+01	2.869920752326339652e+01	2.495065871414454506e+01	2.458907047474584928e+01	2.581992175453781613e+01	2.460650482042962750e+01	2.722829623432829038e+01
2.344136920954858994e+01	2.543437455941919367e+01	2.327595240216183115e+01	2.269672909254656190e+01	2.270642141084405097e+01	2.394435617437483188e+01	0.000000000000000000e+00	2.496670517210075246e+01	2.162304643080882727e+01	2.180617409423323139e+01	2.023715198130638271e+01	2.219839109546632017e+01	2.189685506901799528e+01	1.791465962643715315e+01	2.476651762948307223e+01	1.953602664265788036e+01	2.100566350998154519e+01	2.464786212587373981e+01	2.431336265943709662e+01	2.222271812210792064e+01
2.890053827792324626e+01	2.739581523191184687e+01	2.831909245488533600e+01	2.721495681374068809e+01	2.513225741773987920e+01	2.869760438380160039e+01	2.496670517210075246e+01	0.000000000000000000e+00	2.605648967739162813e+01	2.319235259261776960e+01	2.435484724443603355e+01	2.507899068042721069e+01	2.392497083657823964e+01	2.091719686178043602e+01	2.935958466427281621e+01	2.364073226527827387e+01	2.170510439665476454e+01	2.552175652977097897e+01	2.531536990822463906e+01	2.658616657747276335e+01
2.463896343561949109e+01	2.145852584166738097e+01	2.581914825150661486e+01	2.470158332788714617e+01	2.467208854363039450e+01	2.804207491262630825e+01	2.162304643080882727e+01	2.605648967739162813e+01	0.000000000000000000e+00	2.117630928820722147e+01	2.300803964257801582e+01	2.353087041069685981e+01	2.477292030144598556e+01	2.049917129099646118e+01	2.544001335666058239e+01	2.155140317505075132e+01	2.306795069175138480e+01	2.016747342654661779e+01	2.550490031448187978e+01	2.382535395992464089e+01
2.357266017264937119e+01	2.121439623907119909e+01	2.543394351354523053e+01	2.456792042027573686e+01	2.144658022179358525e+01	2.544141785096387665e+01	2.180617409423323139e+01	2.319235259261776960e+01	2.117630928820722147e+01	0.000000000000000000e+00	2.414642753453635748e+01	1.929288742599412387e+01	2.543253865268110303e+01	1.751330075376874973e+01	2.110702118319301590e+01	1.982279549695454790e+01	2.002414285082653578e+01	2.263370816684449949e+01	2.125939989261021523e+01	2.259911960611307435e+01
2.399525817631910130e+01	2.283630264405338295e+01	2.387316615134398745e+01	2.242215015523042254e+01	2.292677746721042453e+01	2.428749269689118861e+01	2.023715198130638271e+01	2.435484724443603355e+01	2.300803964257801582e+01	2.414642753453635748e+01	0.000000000000000000e+00	2.112586812421007210e+01	2.433616417190171788e+01	1.803611520837905502e+01	2.119205578992693262e+01	2.123501117070640376e+01	2.148185679643880164e+01	2.185219151626218448e+01	2.203734997567559262e+01	2.076970757426281367e+01
2.667808875915607913e+01	2.224240279263103659e+01	2.487201389050444078e+01	2.583820392541501221e+01	2.146126956961703769e+01	2.490105119551837021e+01	2.219839109546632017e+01	2.507899068042721069e+01	2.353087041069685981e+01	1.929288742599412387e+01	2.112586812421007210e+01	0.000000000000000000e+00	2.161196585965534922e+01	1.916598160448186405e+01	2.209047602394703702e+01	1.892893278682022640e+01	1.909452848336852426e+01	2.372830792549014589e+01	2.240947896490251878e+01	2.033348428181403378e+01
2.317982421215382161e+01	2.214250428537064153e+01	2.624138911051470657e+01	2.464026662938625378e+01	2.460722499579746980e+01	2.623773880118192281e+01	2.189685506901799528e+01	2.392497083657823964e+01	2.477292030144598556e+01	2.543253865268110303e+01	2.433616417190171788e+01	2.161196585965534922e+01	0.000000000000000000e+00	2.003942414591145393e+01	2.534824537113922105e+01	2.067161297051940494e+01	2.235202806350334370e+01	2.268676243165559114e+01	2.431332648513216910e+01	2.484729774124919643e+01
2.387309277201934776e+01	2.021634999942555666e+01	2.154320940842199761e+01	1.915784242824533123e+01	1.985088451048520852e+01	2.048257333856260587e+01	1.791465962643715315e+01	2.091719686178043602e+01	2.049917129099646118e+01	1.751330075376874973e+01	1.803611520837905502e+01	1.916598160448186405e+01	2.003942414591145393e+01	0.000000000000000000e+00	2.151155166951319586e+01	1.864580962093874206e+01	1.817784722438640443e+01	1.975260939481979250e+01	1.982626059286075559e+01	2.143301481552743226e+01
2.568973674856453115e+01	2.698791949104555243e+01	2.607481701193005108e+01	2.462850790223340880e+01	2.379422446387746248e+01	2.869920752326339652e+01	2.476651762948307223e+01	2.935958466427281621e+01	2.544001335666058239e+01	2.110702118319301590e+01	2.119205578992693262e+01	2.209047602394703702e+01	2.534824537113922105e+01	2.151155166951319586e+01	0.000000000000000000e+00	2.165302108812043258e+01	2.496773169835081774e+01	2.563521346971290882e+01	2.644941648464845585e+01	2.504887115452408608e+01
1.975099446553966942e+01	2.268217536990650629e+01	2.305697565081769795e+01	2.102601931832747084e+01	2.252198359101801373e+01	2.495065871414454506e+01	1.953602664265788036e+01	2.364073226527827387e+01	2.155140317505075132e+01	1.982279549695454790e+01	2.123501117070640376e+01	1.892893278682022640e+01	2.067161297051940494e+01	1.864580962093874206e+01	2.165302108812043258e+01	0.000000000000000000e+00	2.175804511985832690e+01	2.252685988162372510e+01	2.143169936095987538e+01	2.116032291811769994e+01
2.393766216194950758e+01	2.275844968381377598e+01	2.600046983546898360e+01	2.457473123004448112e+01	2.504989225469852698e+01	2.458907047474584928e+01	2.100566350998154519e+01	2.170510439665476454e+01	2.306795069175138480e+01	2.002414285082653578e+01	2.148185679643880164e+01	1.909452848336852426e+01	2.235202806350334370e+01	1.817784722438640443e+01	2.496773169835081774e+01	2.175804511985832690e+01	0.000000000000000000e+00	2.096948992600545481e+01	2.484218078472648727e+01	2.484019370548686467e+01
2.325865840233227644e+01	2.611203348342830211e+01	2.615134414206807278e+01	2.525755097391741444e+01	2.545715398718254363e+01	2.581992175453781613e+01	2.464786212587373981e+01	2.552175652977097897e+01	2.016747342654661779e+01	2.263370816684449949e+01	2.185219151626218448e+01	2.372830792549014589e+01	2.268676243165559114e+01	1.975260939481979250e+01	2.563521346971290882e+01	2.252685988162372510e+01	2.096948992600545481e+01	0.000000000000000000e+00	2.207515059831463944e+01	2.546545414810143626e+01
2.594050215333231080e+01	2.150284549940229084e+01	2.471907754711262584e+01	2.722685181432019874e+01	2.460925653958466697e+01	2.460650482042962750e+01	2.431336265943709662e+01	2.531536990822463906e+01	2.550490031448187978e+01	2.125939989261021523e+01	2.203734997567559262e+01	2.240947896490251878e+01	2.431332648513216910e+01	1.982626059286075559e+01	2.644941648464845585e+01	2.143169936095987538e+01	2.484218078472648727e+01	2.207515059831463944e+01	0.000000000000000000e+00	2.459877917209825782e+01
2.290776225449049264e+01	2.460606814644022222e+01	2.821150327067118013e+01	2.592728637633235067e+01	2.487208225617673563e+01	2.722829623432829038e+01	2.222271812210792064e+01	2.658616657747276335e+01	2.382535395992464089e+01	2.259911960611307435e+01	2.076970757426281367e+01	2.033348428181403378e+01	2.484729774124919643e+01	2.143301481552743226e+01	2.504887115452408608e+01	2.116032291811769994e+01	2.484019370548686467e+01	2.546545414810143626e+01	2.459877917209825782e+01	0.000000000000000000e+00
