0.000000000000000000e+00	2.058114472123124017e+01	2.553014023578383629e+01	2.200256607614896254e+01	2.181665534015375130e+01	1.945680197700499647e+01	2.274548011975373640e+01	2.246041996066977475e+01	2.253999850447872788e+01	1.803198950377236542e+01	1.835793109102336018e+01	2.649346473938871682e+01	2.496282405800060644e+01	1.857652450847000125e+01	2.347640658564391458e+01	2.294725027697578312e+01	2.342051893980575272e+01	2.115384185622163216e+01	1.988047647725895928e+01	2.133910909295713054e+01
2.058114472123124017e+01	0.000000000000000000e+00	2.739646123872639905e+01	2.422811876477401682e+01	2.375354389773534436e+01	2.440486691505585881e+01	2.307976999122566042e+01	2.507441852516781822e+01	2.165507900138904063e+01	2.024067482172283050e+01	2.089529758710968110e+01	2.559395597422888002e+01	2.126287755701310545e+01	2.024433515022933250e+01	2.341958836330402249e+01	2.539604916027784043e+01	2.427234720080598152e+01	2.401508993021345617e+01	2.318844124182909283e+01	2.845195407244816010e+01
2.553014023578383629e+01	2.739646123872639905e+01	0.000000000000000000e+00	2.788962365168323032e+01	2.629875586786817365e+01	2.359553544865048735e+01	2.872021291011595068e+01	2.853883686875063930e+01	2.520409611937914107e+01	2.328839975802355866e+01	2.392647831225748689e+01	2.815257248561916725e+01	2.952511219243129759e+01	2.327412651248650377e+01	2.819926146346431040e+01	2.912526125106307262e+01	2.917440780476911044e+01	2.916855911059329998e+01	2.647392994238857256e+01	2.810487555832626683e+01
2.200256607614896254e+01	2.422811876477401682e+01	2.788962365168323032e+01	0.000000000000000000e+00	2.203351711616328856e+01	2.229053141996378429e+01	2.178562410740978805e+01	2.386383603044172474e+01	2.199425387420768629e+01	1.958565152386828956e+01	2.115344132375394537e+01	2.426396032181019180e+01	2.290975996712365870e+01	2.128438696224238313e+01	2.330639656154190931e+01	2.258975544111712352e+01	2.334905092181242736e+01	2.131885060396762910e+01	2.233225520373257211e+01	2.567878697275250843e+01
2.181665534015375130e+01	2.375354389773534436e+01	2.629875586786817365e+01	2.203351711616328856e+01	0.000000000000000000e+00	2.183586176924550770e+01	2.531645987379321738e+01	2.501126270911577265e+01	2.014677485016883907e+01	2.215699572809581142e+01	2.309720321815316524e+01	2.455030478352206558e+01	1.846773177447055758e+01	2.205857520538314276e+01	2.570587240844758270e+01	2.284102974791926144e+01	2.180200554450032513e+01	2.352692850493803434e+01	1.974847877887278358e+01	2.363261719786458315e+01
1.945680197700499647e+01	2.440486691505585881e+01	2.359553544865048735e+01	2.229053141996378429e+01	2.183586176924550770e+01	0.000000000000000000e+00	2.147408934902019340e+01	2.258720949818757617e+01	2.265161623047939443e+01	1.943811756377694167e+01	2.145766662126328583e+01	2.448149898346757425e+01	2.173356419463387468e+01	2.113245393438836572e+01	2.589746741862895973e+01	2.208557182055247736e+01	2.719795225340964606e+01	2.447290773245461892e+01	2.067829602581044313e+01	2.616986221055489281e+01
2.274548011975373640e+01	2.307976999122566042e+01	2.872021291011595068e+01	2.178562410740978805e+01	2.531645987379321738e+01	2.147408934902019340e+01	0.000000000000000000e+00	2.371623035924815781e+01	2.556124884147381948e+01	2.136945271599138962e+01	2.133018947403578736e+01	2.427944977717385555e+01	2.380117462960115660e+01	1.939889561248770988e+01	2.529356823004806287e+01	2.339719086470956100e+01	2.513870377406362167e+01	2.409147903183314554e+01	2.172355643353514054e+01	2.879842473474673170e+01
2.246041996066977475e+01	2.507441852516781822e+01	2.853883686875063930e+01	2.386383603044172474e+01	2.501126270911577265e+01	2.258720949818757617e+01	2.371623035924815781e+01	0.000000000000000000e+00	2.460530596330848851e+01	2.268449074917639052e+01	2.329501640080738056e+01	2.757738874881233215e+01	2.392098307414708813e+01	2.085304375930685339e+01	2.742310295391319031e+01	2.801423719352083452e+01	2.362148000392208047e+01	2.440732745686904437e+01	2.135613402930738047e+01	2.643151854891008057e+01
2.253999850447872788e+01	2.165507900138904063e+01	2.520409611937914107e+01	2.199425387420768629e+01	2.014677485016883907e+01	2.265161623047939443e+01	2.556124884147381948e+01	2.460530596330848851e+01	0.000000000000000000e+00	2.006110167943976919e+01	2.396770471486250997e+01	2.487127001779158064e+01	2.314627281514262691e+01	2.046960436817659712e+01	2.534809852351724757e+01	2.586900999952754532e+01	2.520750957411811299e+01	2.067383506721182584e+01	2.051774593838717564e+01	2.424143745145802953e+01
1.803198950377236542e+01	2.024067482172283050e+01	2.328839975802355866e+01	1.958565152386828956e+01	2.215699572809581142e+01	1.943811756377694167e+01	2.136945271599138962e+01	2.268449074917639052e+01	2.006110167943976919e+01	0.000000000000000000e+00	2.067750523459841716e+01	2.336422273332955513e+01	1.878971090870622618e+01	1.857648039802001350e+01	2.180495201989755927e+01	2.084848551716889986e+01	2.072883624699825234e+01	1.855162398492581133e+01	2.173093805897469011e+01	2.231699799109907900e+01
1.835793109102336018e+01	2.089529758710968110e+01	2.392647831225748689e+01	2.115344132375394537e+01	2.309720321815316524e+01	2.145766662126328583e+01	2.133018947403578736e+01	2.329501640080738056e+01	2.396770471486250997e+01	2.067750523459841716e+01	0.000000000000000000e+00	2.506482753627375359e+01	2.141977577894347462e+01	2.030459562043059663e+01	2.100360438752507619e+01	2.234355799152107735e+01	2.360707317506067326e+01	2.139632488181242209e+01	1.930156323195243218e+01	2.345889571570961607e+01
2.649346473938871682e+01	2.559395597422888002e+01	2.815257248561916725e+01	2.426396032181019180e+01	2.455030478352206558e+01	2.448149898346757425e+01	2.427944977717385555e+01	2.757738874881233215e+01	2.487127001779158064e+01	2.336422273332955513e+01	2.506482753627375359e+01	0.000000000000000000e+00	2.742781281120841186e+01	2.334138221913086042e+01	2.665116402625446668e+01	3.014647244142506466e+01	2.695710517580242893e+01	2.624616978080609186e+01	2.484000176877398758e+01	2.667509789101727691e+01
2.496282405800060644e+01	2.126287755701310545e+01	2.952511219243129759e+01	2.290975996712365870e+01	1.846773177447055758e+01	2.173356419463387468e+01	2.380117462960115660e+01	2.392098307414708813e+01	2.314627281514262691e+01	1.878971090870622618e+01	2.141977577894347462e+01	2.742781281120841186e+01	0.000000000000000000e+00	2.093665692069043160e+01	2.718875402025989274e+01	2.516049222836457844e+01	2.340820820256949375e+01	2.564659364429450861e+01	2.372530754384516527e+01	2.568690894614785236e+01
1.857652450847000125e+01	2.024433515022933250e+01	2.327412651248650377e+01	2.128438696224238313e+01	2.205857520538314276e+01	2.113245393438836572e+01	1.939889561248770988e+01	2.085304375930685339e+01	2.046960436817659712e+01	1.857648039802001350e+01	2.030459562043059663e+01	2.334138221913086042e+01	2.093665692069043160e+01	0.000000000000000000e+00	2.062484311322916142e+01	2.131298091200661915e+01	1.835554792215619813e+01	1.796429212016261800e+01	1.899983455853592673e+01	2.244689959786011357e+01
2.347640658564391458e+01	2.341958836330402249e+01	2.819926146346431040e+01	2.330639656154190931e+01	2.570587240844758270e+01	2.589746741862895973e+01	2.529356823004806287e+01	2.742310295391319031e+01	2.534809852351724757e+01	2.180495201989755927e+01	2.100360438752507619e+01	2.665116402625446668e+01	2.718875402025989274e+01	2.062484311322916142e+01	0.000000000000000000e+00	2.303217099982072824e+01	2.923066286674760406e+01	2.343242111640398306e+01	2.223568780585302207e+01	2.730582287392096674e+01
2.294725027697578312e+01	2.539604916027784043e+01	2.912526125106307262e+01	2.258975544111712352e+01	2.284102974791926144e+01	2.208557182055247736e+01	2.339719086470956100e+01	2.801423719352083452e+01	2.586900999952754532e+01	2.084848551716889986e+01	2.234355799152107735e+01	3.014647244142506466e+01	2.516049222836457844e+01	2.131298091200661915e+01	2.303217099982072824e+01	0.000000000000000000e+00	2.548397327380239119e+01	2.651747076871082598e+01	2.272840586456677414e+01	2.788078690276922700e+01
2.342051893980575272e+01	2.427234720080598152e+01	2.917440780476911044e+01	2.334905092181242736e+01	2.180200554450032513e+01	2.719795225340964606e+01	2.513870377406362167e+01	2.362148000392208047e+01	2.520750957411811299e+01	2.072883624699825234e+01	2.360707317506067326e+01	2.695710517580242893e+01	2.340820820256949375e+01	1.835554792215619813e+01	2.923066286674760406e+01	2.548397327380239119e+01	0.000000000000000000e+00	2.179123280074585978e+01	2.264281809495406250e+01	3.040852383380044444e+01
2.115384185622163216e+01	2.401508993021345617e+01	2.916855911059329998e+01	2.131885060396762910e+01	2.352692850493803434e+01	2.447290773245461892e+01	2.409147903183314554e+01	2.440732745686904437e+01	2.067383506721182584e+01	1.855162398492581133e+01	2.139632488181242209e+01	2.624616978080609186e+01	2.564659364429450861e+01	1.796429212016261800e+01	2.343242111640398306e+01	2.651747076871082598e+01	2.179123280074585978e+01	0.000000000000000000e+00	2.069329656302394582e+01	2.637215438364063758e+01
1.988047647725895928e+01	2.318844124182909283e+01	2.647392994238857256e+01	2.233225520373257211e+01	1.974847877887278358e+01	2.067829602581044313e+01	2.172355643353514054e+01	2.135613402930738047e+01	2.051774593838717564e+01	2.173093805897469011e+01	1.930156323195243218e+01	2.484000176877398758e+01	2.372530754384516527e+01	1.899983455853592673e+01	2.223568780585302207e+01	2.272840586456677414e+01	2.264281809495406250e+01	2.069329656302394582e+01	0.000000000000000000e+00	2.392255714990853477e+01
2.133910909295713054e+01	2.845195407244816010e+01	2.810487555832626683e+01	2.567878697275250843e+01	2.363261719786458315e+01	2.616986221055489281e+01	2.879842473474673170e+01	2.643151854891008057e+01	2.424143745145802953e+01	2.231699799109907900e+01	2.345889571570961607e+01	2.667509789101727691e+01	2.568690894614785236e+01	2.244689959786011357e+01	2.730582287392096674e+01	2.788078690276922700e+01	3.040852383380044444e+01	2.637215438364063758e+01	2.392255714990853477e+01	0.000000000000000000e+00
