0.000000000000000000e+00	3.346023822184237417e+01	2.362470469119136141e+01	4.273732549566152272e+01	1.462481718978512824e+01	1.518731015862301881e+01	1.518731015862301881e+01	1.349983125210934887e+01	2.024974687816402508e+01	1.349983125210934887e+01	1.743728203397457577e+01	1.518731015862301881e+01	1.293733828327146007e+01	3.847960636360494391e+01	1.181235234559568070e+01	1.321858476769040536e+01	1.490606367420407352e+01	2.249971875351558381e+01	2.073014940345105828e+01	1.687478906513668875e+01
3.346023822184237417e+01	0.000000000000000000e+00	1.603104961187985111e+01	1.574980312746090760e+01	3.241734272771744685e+01	1.631229609629879818e+01	1.799977500281246634e+01	1.743728203397457577e+01	2.418719766002925198e+01	1.603104961187985111e+01	1.603104961187985111e+01	1.771852851839352283e+01	1.378107773652829415e+01	1.771852851839352283e+01	1.321858476769040536e+01	6.096718498110243445e+01	5.237370298544443870e+01	1.940600742490719099e+01	1.687478906513668875e+01	5.731098068365614751e+01
2.362470469119136141e+01	1.603104961187985111e+01	0.000000000000000000e+00	4.008499482656774404e+01	1.659354258071774169e+01	1.715603554955563226e+01	2.699966250421869773e+01	1.771852851839352283e+01	2.165597930025874973e+01	5.811569827114057318e+01	2.671841601979975422e+01	1.743728203397457577e+01	4.723322253435861029e+01	2.864407283295392403e+01	3.960459230128071795e+01	1.434357070536618473e+01	2.081223984700191565e+01	2.587467656654292014e+01	4.534658758697685244e+01	1.715603554955563226e+01
4.273732549566152272e+01	1.574980312746090760e+01	4.008499482656774404e+01	0.000000000000000000e+00	1.068736640791990133e+01	1.771852851839352283e+01	1.378107773652829415e+01	1.265609179885251478e+01	2.747601831749970458e+01	1.153110586117673542e+01	1.490606367420407352e+01	1.406232422094723944e+01	1.546855664304196409e+01	1.603104961187985111e+01	1.181235234559568070e+01	1.124985937675779191e+01	1.321858476769040536e+01	2.161291072248030787e+01	1.659354258071774169e+01	1.265609179885251478e+01
1.462481718978512824e+01	3.241734272771744685e+01	1.659354258071774169e+01	1.068736640791990133e+01	0.000000000000000000e+00	2.518702457637573389e+01	1.912476094048824393e+01	1.574980312746090760e+01	1.771852851839352283e+01	1.936293884712874913e+01	1.462481718978512824e+01	1.743728203397457577e+01	1.631229609629879818e+01	1.518731015862301881e+01	1.209359883001462599e+01	1.490606367420407352e+01	5.096747056334971404e+01	5.919761563103790536e+01	1.603104961187985111e+01	1.518731015862301881e+01
1.518731015862301881e+01	1.631229609629879818e+01	1.715603554955563226e+01	1.771852851839352283e+01	2.518702457637573389e+01	0.000000000000000000e+00	6.337324431954363746e+01	2.137473281583980267e+01	6.160772168148514538e+01	1.771852851839352283e+01	1.996850039374508157e+01	4.839723033780680339e+01	1.687478906513668875e+01	1.096861289233884662e+01	1.349983125210934887e+01	1.490606367420407352e+01	1.912476094048824393e+01	2.334345820677241790e+01	3.791711339476704978e+01	2.081223984700191565e+01
1.518731015862301881e+01	1.799977500281246634e+01	2.699966250421869773e+01	1.378107773652829415e+01	1.912476094048824393e+01	6.337324431954363746e+01	0.000000000000000000e+00	1.771852851839352283e+01	2.390595117561030847e+01	6.465836443231509634e+01	1.743728203397457577e+01	1.940600742490719099e+01	1.603104961187985111e+01	2.024974687816402508e+01	3.892098702311955805e+01	1.265609179885251478e+01	2.390595117561030847e+01	6.032260156871368650e+01	2.362470469119136141e+01	1.771852851839352283e+01
1.349983125210934887e+01	1.743728203397457577e+01	1.771852851839352283e+01	1.265609179885251478e+01	1.574980312746090760e+01	2.137473281583980267e+01	1.771852851839352283e+01	0.000000000000000000e+00	2.165597930025874973e+01	1.209359883001462599e+01	2.783935524546950191e+01	1.799977500281246634e+01	1.574980312746090760e+01	1.378107773652829415e+01	1.378107773652829415e+01	1.546855664304196409e+01	1.912476094048824393e+01	2.109348633142085916e+01	2.249971875351558381e+01	3.808129428186875032e+01
2.024974687816402508e+01	2.418719766002925198e+01	2.165597930025874973e+01	2.747601831749970458e+01	1.771852851839352283e+01	6.160772168148514538e+01	2.390595117561030847e+01	2.165597930025874973e+01	0.000000000000000000e+00	1.490606367420407352e+01	2.165597930025874973e+01	2.334345820677241790e+01	1.940600742490719099e+01	1.659354258071774169e+01	1.603104961187985111e+01	1.349983125210934887e+01	1.659354258071774169e+01	2.390595117561030847e+01	2.221847226909663675e+01	5.358077936667107366e+01
1.349983125210934887e+01	1.603104961187985111e+01	5.811569827114057318e+01	1.153110586117673542e+01	1.936293884712874913e+01	1.771852851839352283e+01	6.465836443231509634e+01	1.209359883001462599e+01	1.490606367420407352e+01	0.000000000000000000e+00	1.659354258071774169e+01	1.321858476769040536e+01	1.603104961187985111e+01	1.546855664304196409e+01	3.097208843985030668e+01	1.237484531443357128e+01	5.988122090919906526e+01	1.968725390932613450e+01	2.165597930025874973e+01	1.209359883001462599e+01
1.743728203397457577e+01	1.603104961187985111e+01	2.671841601979975422e+01	1.490606367420407352e+01	1.462481718978512824e+01	1.996850039374508157e+01	1.743728203397457577e+01	2.783935524546950191e+01	2.165597930025874973e+01	1.659354258071774169e+01	0.000000000000000000e+00	1.968725390932613450e+01	6.940053280166473826e+01	1.799977500281246634e+01	1.422245839604291717e+01	1.715603554955563226e+01	1.996850039374508157e+01	1.968725390932613450e+01	6.060384805313263001e+01	2.390595117561030847e+01
1.518731015862301881e+01	1.771852851839352283e+01	1.743728203397457577e+01	1.406232422094723944e+01	1.743728203397457577e+01	4.839723033780680339e+01	1.940600742490719099e+01	1.799977500281246634e+01	2.334345820677241790e+01	1.321858476769040536e+01	1.968725390932613450e+01	0.000000000000000000e+00	4.016708527011861207e+01	1.546855664304196409e+01	1.181235234559568070e+01	1.518731015862301881e+01	1.884351445606930042e+01	1.856226797165035691e+01	2.081223984700191565e+01	1.996850039374508157e+01
1.293733828327146007e+01	1.378107773652829415e+01	4.723322253435861029e+01	1.546855664304196409e+01	1.631229609629879818e+01	1.687478906513668875e+01	1.603104961187985111e+01	1.574980312746090760e+01	1.940600742490719099e+01	1.603104961187985111e+01	6.940053280166473826e+01	4.016708527011861207e+01	0.000000000000000000e+00	1.462481718978512824e+01	1.124985937675779191e+01	1.546855664304196409e+01	1.856226797165035691e+01	3.249538645926227076e+01	2.446844414444819549e+01	1.490606367420407352e+01
3.847960636360494391e+01	1.771852851839352283e+01	2.864407283295392403e+01	1.603104961187985111e+01	1.518731015862301881e+01	1.096861289233884662e+01	2.024974687816402508e+01	1.378107773652829415e+01	1.659354258071774169e+01	1.546855664304196409e+01	1.799977500281246634e+01	1.546855664304196409e+01	1.462481718978512824e+01	0.000000000000000000e+00	1.406232422094723944e+01	1.124985937675779191e+01	1.631229609629879818e+01	5.847498848710434061e+01	4.739335670945428802e+01	1.490606367420407352e+01
1.181235234559568070e+01	1.321858476769040536e+01	3.960459230128071795e+01	1.181235234559568070e+01	1.209359883001462599e+01	1.349983125210934887e+01	3.892098702311955805e+01	1.378107773652829415e+01	1.603104961187985111e+01	3.097208843985030668e+01	1.422245839604291717e+01	1.181235234559568070e+01	1.124985937675779191e+01	1.406232422094723944e+01	0.000000000000000000e+00	1.209359883001462599e+01	1.603104961187985111e+01	1.518731015862301881e+01	1.546855664304196409e+01	1.153110586117673542e+01
1.321858476769040536e+01	6.096718498110243445e+01	1.434357070536618473e+01	1.124985937675779191e+01	1.490606367420407352e+01	1.490606367420407352e+01	1.265609179885251478e+01	1.546855664304196409e+01	1.349983125210934887e+01	1.237484531443357128e+01	1.715603554955563226e+01	1.518731015862301881e+01	1.546855664304196409e+01	1.124985937675779191e+01	1.209359883001462599e+01	0.000000000000000000e+00	1.799977500281246634e+01	1.321858476769040536e+01	1.799977500281246634e+01	1.715603554955563226e+01
1.490606367420407352e+01	5.237370298544443870e+01	2.081223984700191565e+01	1.321858476769040536e+01	5.096747056334971404e+01	1.912476094048824393e+01	2.390595117561030847e+01	1.912476094048824393e+01	1.659354258071774169e+01	5.988122090919906526e+01	1.996850039374508157e+01	1.884351445606930042e+01	1.856226797165035691e+01	1.631229609629879818e+01	1.603104961187985111e+01	1.799977500281246634e+01	0.000000000000000000e+00	2.165597930025874973e+01	2.623396678250668757e+01	1.912476094048824393e+01
2.249971875351558381e+01	1.940600742490719099e+01	2.587467656654292014e+01	2.161291072248030787e+01	5.919761563103790536e+01	2.334345820677241790e+01	6.032260156871368650e+01	2.109348633142085916e+01	2.390595117561030847e+01	1.968725390932613450e+01	1.968725390932613450e+01	1.856226797165035691e+01	3.249538645926227076e+01	5.847498848710434061e+01	1.518731015862301881e+01	1.321858476769040536e+01	2.165597930025874973e+01	0.000000000000000000e+00	2.587467656654292014e+01	1.687478906513668875e+01
2.073014940345105828e+01	1.687478906513668875e+01	4.534658758697685244e+01	1.659354258071774169e+01	1.603104961187985111e+01	3.791711339476704978e+01	2.362470469119136141e+01	2.249971875351558381e+01	2.221847226909663675e+01	2.165597930025874973e+01	6.060384805313263001e+01	2.081223984700191565e+01	2.446844414444819549e+01	4.739335670945428802e+01	1.546855664304196409e+01	1.799977500281246634e+01	2.623396678250668757e+01	2.587467656654292014e+01	0.000000000000000000e+00	1.771852851839352283e+01
1.687478906513668875e+01	5.731098068365614751e+01	1.715603554955563226e+01	1.265609179885251478e+01	1.518731015862301881e+01	2.081223984700191565e+01	1.771852851839352283e+01	3.808129428186875032e+01	5.358077936667107366e+01	1.209359883001462599e+01	2.390595117561030847e+01	1.996850039374508157e+01	1.490606367420407352e+01	1.490606367420407352e+01	1.153110586117673542e+01	1.715603554955563226e+01	1.912476094048824393e+01	1.687478906513668875e+01	1.771852851839352283e+01	0.000000000000000000e+00
