0.000000000000000000e+00	2.102746086904265255e+01	2.521944159722400514e+01	2.516944526859619558e+01	2.742296137855747773e+01	1.959453126725619398e+01	3.177663022180859542e+01	2.171417661071256688e+01	1.449953227315247872e+01	1.496725912067352660e+01	1.748976045341148122e+01	2.080578560499736440e+01	1.816160166546973898e+01	2.250501405966407731e+01	2.191560460535335864e+01	1.488751373282240387e+01	2.088553099284848713e+01	1.777362020579981206e+01	3.650872553519489117e+01	2.303492539552816964e+01
2.102746086904265255e+01	0.000000000000000000e+00	4.237157532416856043e+01	2.375676293621423696e+01	3.241194671580662146e+01	4.532805811706516863e+01	3.261526666002038866e+01	4.016339751625945098e+01	2.140056779910091933e+01	1.590271281571562234e+01	3.651139865139614926e+01	1.895243911442124940e+01	2.997857309254687408e+01	2.504507629191010665e+01	3.544939189399560320e+01	2.752644807972811947e+01	2.211703259999415039e+01	1.752219588253121074e+01	2.169661571120449395e+01	1.964452759588400355e+01
2.521944159722400514e+01	4.237157532416856043e+01	0.000000000000000000e+00	2.709034898730819663e+01	2.412986986627250374e+01	3.075510474952187678e+01	3.606784894800760100e+01	4.310091649060390040e+01	2.121670070396820762e+01	1.426566884939195567e+01	3.530554356083814582e+01	3.421398691951226567e+01	2.411499533666085071e+01	2.073409932683550139e+01	4.331851571940385526e+01	1.791286371209756112e+01	2.631169969807192288e+01	1.697741001705546537e+01	3.229505485747948512e+01	2.480171107833076860e+01
2.516944526859619558e+01	2.375676293621423696e+01	2.709034898730819663e+01	0.000000000000000000e+00	2.872202021383902348e+01	2.246307684072552746e+01	2.545599139088094987e+01	2.218190345823361298e+01	1.895243911442124940e+01	1.847252410718496662e+01	2.447322773710746446e+01	2.552767766904280933e+01	1.862932851299078507e+01	2.443810593809131149e+01	2.353777404206536872e+01	3.962399764427170368e+01	2.085578193362517041e+01	2.971697202732774556e+01	2.746076954747004706e+01	3.661411743963367371e+01
2.742296137855747773e+01	3.241194671580662146e+01	2.412986986627250374e+01	2.872202021383902348e+01	0.000000000000000000e+00	3.066939137685245242e+01	2.196291456408474829e+01	2.034343149726915456e+01	1.807916990772219989e+01	1.473339569691300355e+01	1.763169032960564664e+01	1.777362020579981206e+01	1.875369748967687755e+01	2.890857367886815865e+01	2.275643838293267862e+01	2.438810960946350548e+01	1.892537642509435614e+01	1.646237321080302607e+01	3.823698833586772139e+01	2.112208078650542831e+01
1.959453126725619398e+01	4.532805811706516863e+01	3.075510474952187678e+01	2.246307684072552746e+01	3.066939137685245242e+01	0.000000000000000000e+00	2.674967748636965581e+01	3.402113357247994685e+01	2.322416523045372472e+01	1.566884939195509752e+01	2.596565545734054581e+01	2.017175256185167598e+01	4.082375202812450965e+01	4.406950707428776326e+01	3.274232200660289749e+01	1.642993778168329655e+01	2.350533861294563565e+01	1.426566884939195567e+01	2.238601782277082464e+01	2.294567821785823014e+01
3.177663022180859542e+01	3.261526666002038866e+01	3.606784894800760100e+01	2.545599139088094987e+01	2.196291456408474829e+01	2.674967748636965581e+01	0.000000000000000000e+00	3.345341406770328518e+01	1.823866068342444180e+01	1.403180542563143085e+01	2.901538175604617464e+01	2.343240864501691334e+01	2.087065646323682699e+01	1.987570464974810847e+01	4.451500174202993776e+01	1.632312970450528411e+01	2.744320864796197057e+01	1.749244682330790113e+01	2.410962259686801090e+01	2.236845692326274815e+01
2.171417661071256688e+01	4.016339751625945098e+01	4.310091649060390040e+01	2.218190345823361298e+01	2.034343149726915456e+01	3.402113357247994685e+01	3.345341406770328518e+01	0.000000000000000000e+00	1.820891162420112863e+01	1.403180542563143085e+01	2.618464435148941405e+01	2.555474035836970259e+01	2.641850777524993532e+01	2.213459349950222332e+01	3.236921507654462715e+01	1.809941717712669274e+01	3.368337412412613219e+01	1.286248830682881206e+01	2.149787408646011855e+01	1.925117339642123682e+01
1.449953227315247872e+01	2.140056779910091933e+01	2.121670070396820762e+01	1.895243911442124940e+01	1.807916990772219989e+01	2.322416523045372472e+01	1.823866068342444180e+01	1.820891162420112863e+01	0.000000000000000000e+00	1.028999064546304965e+01	2.004469721526916715e+01	1.309635173058933511e+01	2.587114175437433872e+01	2.597247087726294268e+01	4.045885018333755312e+01	2.214688787371403222e+01	1.706934356462182123e+01	1.230014154184498842e+01	1.683816651075771631e+01	1.588515191620754408e+01
1.496725912067352660e+01	1.590271281571562234e+01	1.426566884939195567e+01	1.847252410718496662e+01	1.473339569691300355e+01	1.566884939195509752e+01	1.403180542563143085e+01	1.403180542563143085e+01	1.028999064546304965e+01	0.000000000000000000e+00	1.482532924447935940e+01	1.426566884939195567e+01	1.052385406922357269e+01	1.520112254443404964e+01	1.496725912067352660e+01	1.432785333773500014e+01	1.122544434050514539e+01	2.711472530673866999e+01	1.449953227315247872e+01	1.356407857811038298e+01
1.748976045341148122e+01	3.651139865139614926e+01	3.530554356083814582e+01	2.447322773710746446e+01	1.763169032960564664e+01	2.596565545734054581e+01	2.901538175604617464e+01	2.618464435148941405e+01	2.004469721526916715e+01	1.482532924447935940e+01	0.000000000000000000e+00	1.918898890807819413e+01	3.449506734120276974e+01	2.419205435461555354e+01	3.389139185600102167e+01	1.880100744840826721e+01	2.755270309503640647e+01	2.185342011701031240e+01	1.767900028833703630e+01	2.087602920302966680e+01
2.080578560499736440e+01	1.895243911442124940e+01	3.421398691951226567e+01	2.552767766904280933e+01	1.777362020579981206e+01	2.017175256185167598e+01	2.343240864501691334e+01	2.555474035836970259e+01	1.309635173058933511e+01	1.426566884939195567e+01	1.918898890807819413e+01	0.000000000000000000e+00	1.426566884939195567e+01	1.953234677891315130e+01	2.412718349637608739e+01	1.624338431665416138e+01	1.734783057721731225e+01	1.652455769914607231e+01	1.953234677891315130e+01	3.885354018661157482e+01
1.816160166546973898e+01	2.997857309254687408e+01	2.411499533666085071e+01	1.862932851299078507e+01	1.875369748967687755e+01	4.082375202812450965e+01	2.087065646323682699e+01	2.641850777524993532e+01	2.587114175437433872e+01	1.052385406922357269e+01	3.449506734120276974e+01	1.426566884939195567e+01	0.000000000000000000e+00	2.279837560187122492e+01	2.892344820847981524e+01	1.657186765787746197e+01	2.309442351397479243e+01	1.412373897319778848e+01	1.800748362956033688e+01	1.591758734532727715e+01
2.250501405966407731e+01	2.504507629191010665e+01	2.073409932683550139e+01	2.443810593809131149e+01	2.890857367886815865e+01	4.406950707428776326e+01	1.987570464974810847e+01	2.213459349950222332e+01	2.597247087726294268e+01	1.520112254443404964e+01	2.419205435461555354e+01	1.953234677891315130e+01	2.279837560187122492e+01	0.000000000000000000e+00	3.258283123090065914e+01	1.786018101357333165e+01	2.034343149726915456e+01	1.780336926502312522e+01	2.140056779910091933e+01	2.651054753731286340e+01
2.191560460535335864e+01	3.544939189399560320e+01	4.331851571940385526e+01	2.353777404206536872e+01	2.275643838293267862e+01	3.274232200660289749e+01	4.451500174202993776e+01	3.236921507654462715e+01	4.045885018333755312e+01	1.496725912067352660e+01	3.389139185600102167e+01	2.412718349637608739e+01	2.892344820847981524e+01	3.258283123090065914e+01	0.000000000000000000e+00	2.051242406279021679e+01	2.903562902545066748e+01	1.686791556998102948e+01	2.116939074523681796e+01	2.321197707073848804e+01
1.488751373282240387e+01	2.752644807972811947e+01	1.791286371209756112e+01	3.962399764427170368e+01	2.438810960946350548e+01	1.642993778168329655e+01	1.632312970450528411e+01	1.809941717712669274e+01	2.214688787371403222e+01	1.432785333773500014e+01	1.880100744840826721e+01	1.624338431665416138e+01	1.657186765787746197e+01	1.786018101357333165e+01	2.051242406279021679e+01	0.000000000000000000e+00	1.441978688530135599e+01	1.962159395658308725e+01	2.355264857167702530e+01	2.140056779910091933e+01
2.088553099284848713e+01	2.211703259999415039e+01	2.631169969807192288e+01	2.085578193362517041e+01	1.892537642509435614e+01	2.350533861294563565e+01	2.744320864796197057e+01	3.368337412412613219e+01	1.706934356462182123e+01	1.122544434050514539e+01	2.755270309503640647e+01	1.734783057721731225e+01	2.309442351397479243e+01	2.034343149726915456e+01	2.903562902545066748e+01	1.441978688530135599e+01	0.000000000000000000e+00	1.494969822116545011e+01	2.141812869860899937e+01	1.887806646636296648e+01
1.777362020579981206e+01	1.752219588253121074e+01	1.697741001705546537e+01	2.971697202732774556e+01	1.646237321080302607e+01	1.426566884939195567e+01	1.749244682330790113e+01	1.286248830682881206e+01	1.230014154184498842e+01	2.711472530673866999e+01	2.185342011701031240e+01	1.652455769914607231e+01	1.412373897319778848e+01	1.780336926502312522e+01	1.686791556998102948e+01	1.962159395658308725e+01	1.494969822116545011e+01	0.000000000000000000e+00	1.847252410718496662e+01	2.091796642196822020e+01
3.650872553519489117e+01	2.169661571120449395e+01	3.229505485747948512e+01	2.746076954747004706e+01	3.823698833586772139e+01	2.238601782277082464e+01	2.410962259686801090e+01	2.149787408646011855e+01	1.683816651075771631e+01	1.449953227315247872e+01	1.767900028833703630e+01	1.953234677891315130e+01	1.800748362956033688e+01	2.140056779910091933e+01	2.116939074523681796e+01	2.355264857167702530e+01	2.141812869860899937e+01	1.847252410718496662e+01	0.000000000000000000e+00	2.085578193362517041e+01
2.303492539552816964e+01	1.964452759588400355e+01	2.480171107833076860e+01	3.661411743963367371e+01	2.112208078650542831e+01	2.294567821785823014e+01	2.236845692326274815e+01	1.925117339642123682e+01	1.588515191620754408e+01	1.356407857811038298e+01	2.087602920302966680e+01	3.885354018661157482e+01	1.591758734532727715e+01	2.651054753731286340e+01	2.321197707073848804e+01	2.140056779910091933e+01	1.887806646636296648e+01	2.091796642196822020e+01	2.085578193362517041e+01	0.000000000000000000e+00
