0.000000000000000000e+00	2.615842403017208184e+01	2.631875431985060132e+01	2.144073702528985237e+01	2.511815937733907234e+01	2.074154949047937890e+01	2.563301320917351589e+01	2.062966602869031973e+01	2.681545559250798050e+01	2.080834056079614669e+01	2.490315954261927445e+01	2.362908926370552720e+01	2.381164802337462660e+01	1.917877597867198958e+01	2.337311233991221471e+01	2.575431672936536387e+01	2.366121634343885916e+01	2.293542355067577532e+01	2.220586281990290445e+01	2.655256538918536791e+01
2.615842403017208184e+01	0.000000000000000000e+00	2.870637818950607922e+01	2.264435008342731592e+01	2.553332125622804583e+01	2.345698398693934550e+01	2.770003377749909745e+01	2.283086368375281694e+01	2.766722725205430677e+01	2.100944157152621372e+01	2.249363677517331439e+01	2.867015355140306809e+01	2.148235392178204251e+01	2.134173753413586638e+01	2.459165257656761128e+01	2.470570223870153015e+01	2.397314634953259471e+01	2.664588887388728722e+01	1.840646316841554508e+01	2.475247981621524929e+01
2.631875431985060132e+01	2.870637818950607922e+01	0.000000000000000000e+00	2.583192812738382216e+01	2.976241885327292991e+01	2.694219441080903721e+01	3.206213713079003469e+01	2.351750890900009594e+01	2.915327907668281782e+01	2.509351415539133257e+01	2.641626578551356985e+01	2.841320592777760368e+01	2.439780594202077069e+01	2.390398909552962436e+01	2.681419562878858542e+01	2.997646523000843999e+01	2.905259522684994877e+01	3.036457598091647725e+01	2.354591845949409645e+01	2.614664299864853092e+01
2.144073702528985237e+01	2.264435008342731592e+01	2.583192812738382216e+01	0.000000000000000000e+00	2.349487943090194975e+01	2.669482821764870550e+01	2.590115558468008317e+01	2.092678132117906742e+01	2.473793943981821641e+01	1.835653376968495465e+01	2.489870523799557489e+01	2.348482910519660649e+01	2.330726666511760214e+01	1.955946831195452162e+01	2.040308570177991143e+01	2.304690954819729498e+01	2.302835170895132322e+01	2.380336647511114379e+01	2.185116265579034689e+01	2.469751735884780075e+01
2.511815937733907234e+01	2.553332125622804583e+01	2.976241885327292991e+01	2.349487943090194975e+01	0.000000000000000000e+00	2.091414109752938089e+01	2.781303492540254751e+01	2.008990209376208824e+01	2.998437947183483132e+01	1.949867964327648906e+01	2.517803872370398111e+01	2.617502064541382367e+01	2.120315610421934949e+01	2.317390054740868521e+01	2.500935685493814375e+01	2.578065601031994802e+01	2.828656108505118283e+01	2.306416958488796354e+01	2.209583897909658390e+01	2.590978809191426535e+01
2.074154949047937890e+01	2.345698398693934550e+01	2.694219441080903721e+01	2.669482821764870550e+01	2.091414109752938089e+01	0.000000000000000000e+00	2.535236450295948885e+01	2.108582592718391169e+01	2.679806914124863582e+01	1.910947334030473854e+01	2.270036845629140032e+01	2.581383371011420280e+01	2.200371939384650943e+01	2.440072577334681014e+01	2.139081890501578442e+01	2.384841858464744035e+01	2.296078984694921843e+01	2.447843766431640589e+01	2.144271328057784132e+01	2.521116725255360791e+01
2.563301320917351589e+01	2.770003377749909745e+01	3.206213713079003469e+01	2.590115558468008317e+01	2.781303492540254751e+01	2.535236450295948885e+01	0.000000000000000000e+00	2.069681624207412796e+01	2.971349591083513175e+01	1.940450610403070186e+01	2.494003163237692888e+01	2.766558714020012744e+01	2.610955942939211738e+01	2.150463495854623019e+01	2.354198887604457013e+01	2.915499546636960559e+01	2.876890488412478319e+01	2.856681820920413628e+01	2.428174475998582693e+01	2.610997286909893589e+01
2.062966602869031973e+01	2.283086368375281694e+01	2.351750890900009594e+01	2.092678132117906742e+01	2.008990209376208824e+01	2.108582592718391169e+01	2.069681624207412796e+01	0.000000000000000000e+00	2.308830024662459834e+01	1.739965128477238920e+01	2.078639987259535360e+01	2.253624899750725774e+01	2.020248817921532947e+01	1.894250083793581396e+01	2.218355291808813590e+01	2.286436889434993347e+01	2.119947024893621901e+01	2.146011532002219013e+01	1.830392055108757887e+01	2.101373256125585343e+01
2.681545559250798050e+01	2.766722725205430677e+01	2.915327907668281782e+01	2.473793943981821641e+01	2.998437947183483132e+01	2.679806914124863582e+01	2.971349591083513175e+01	2.308830024662459834e+01	0.000000000000000000e+00	2.153472416613573515e+01	2.642183238464338757e+01	2.868604720953115716e+01	2.550658537033801920e+01	2.414618682963978813e+01	2.209653153221382382e+01	2.839798425689764017e+01	2.920865242984266175e+01	2.652445203262986695e+01	2.183106851802402559e+01	2.781763487245274646e+01
2.080834056079614669e+01	2.100944157152621372e+01	2.509351415539133257e+01	1.835653376968495465e+01	1.949867964327648906e+01	1.910947334030473854e+01	1.940450610403070186e+01	1.739965128477238920e+01	2.153472416613573515e+01	0.000000000000000000e+00	1.905165038079558926e+01	1.961233937792183823e+01	2.236558510599232008e+01	1.640133922333077621e+01	1.872666573219275676e+01	2.029548550151832487e+01	2.228929222249090003e+01	2.034282617999930309e+01	1.895337349589680187e+01	1.788312044890037811e+01
2.490315954261927445e+01	2.249363677517331439e+01	2.641626578551356985e+01	2.489870523799557489e+01	2.517803872370398111e+01	2.270036845629140032e+01	2.494003163237692888e+01	2.078639987259535360e+01	2.642183238464338757e+01	1.905165038079558926e+01	0.000000000000000000e+00	2.362391944016134460e+01	2.176230503960535856e+01	2.020430381253796170e+01	2.369318177955173255e+01	2.782426537434123048e+01	2.326562439633896773e+01	2.506429313353548949e+01	2.351041289721414529e+01	2.253324805192146130e+01
2.362908926370552720e+01	2.867015355140306809e+01	2.841320592777760368e+01	2.348482910519660649e+01	2.617502064541382367e+01	2.581383371011420280e+01	2.766558714020012744e+01	2.253624899750725774e+01	2.868604720953115716e+01	1.961233937792183823e+01	2.362391944016134460e+01	0.000000000000000000e+00	2.243265565993290878e+01	2.121218538703916323e+01	2.335579013520305125e+01	2.858731656431275781e+01	2.389924200394609244e+01	2.497564251283203518e+01	2.513924185518379772e+01	2.819649331776937018e+01
2.381164802337462660e+01	2.148235392178204251e+01	2.439780594202077069e+01	2.330726666511760214e+01	2.120315610421934949e+01	2.200371939384650943e+01	2.610955942939211738e+01	2.020248817921532947e+01	2.550658537033801920e+01	2.236558510599232008e+01	2.176230503960535856e+01	2.243265565993290878e+01	0.000000000000000000e+00	2.024413192252684013e+01	1.969731632344612393e+01	2.485578683322396643e+01	2.184573279135299728e+01	2.006346576269488580e+01	2.176004399880234885e+01	2.186108067240946795e+01
1.917877597867198958e+01	2.134173753413586638e+01	2.390398909552962436e+01	1.955946831195452162e+01	2.317390054740868521e+01	2.440072577334681014e+01	2.150463495854623019e+01	1.894250083793581396e+01	2.414618682963978813e+01	1.640133922333077621e+01	2.020430381253796170e+01	2.121218538703916323e+01	2.024413192252684013e+01	0.000000000000000000e+00	1.875261644812847805e+01	2.038725649661290262e+01	1.933533224904731895e+01	2.264113419195545873e+01	2.026114252873165000e+01	1.891549081540983934e+01
2.337311233991221471e+01	2.459165257656761128e+01	2.681419562878858542e+01	2.040308570177991143e+01	2.500935685493814375e+01	2.139081890501578442e+01	2.354198887604457013e+01	2.218355291808813590e+01	2.209653153221382382e+01	1.872666573219275676e+01	2.369318177955173255e+01	2.335579013520305125e+01	1.969731632344612393e+01	1.875261644812847805e+01	0.000000000000000000e+00	2.295669043980807089e+01	2.529094366373918845e+01	2.304351321698150912e+01	1.966815552959956293e+01	2.006276991929280129e+01
2.575431672936536387e+01	2.470570223870153015e+01	2.997646523000843999e+01	2.304690954819729498e+01	2.578065601031994802e+01	2.384841858464744035e+01	2.915499546636960559e+01	2.286436889434993347e+01	2.839798425689764017e+01	2.029548550151832487e+01	2.782426537434123048e+01	2.858731656431275781e+01	2.485578683322396643e+01	2.038725649661290262e+01	2.295669043980807089e+01	0.000000000000000000e+00	2.708938243965093662e+01	2.570271852237374688e+01	2.459132151450717529e+01	2.559670743325640174e+01
2.366121634343885916e+01	2.397314634953259471e+01	2.905259522684994877e+01	2.302835170895132322e+01	2.828656108505118283e+01	2.296078984694921843e+01	2.876890488412478319e+01	2.119947024893621901e+01	2.920865242984266175e+01	2.228929222249090003e+01	2.326562439633896773e+01	2.389924200394609244e+01	2.184573279135299728e+01	1.933533224904731895e+01	2.529094366373918845e+01	2.708938243965093662e+01	0.000000000000000000e+00	2.435060190690649762e+01	2.178287324358533183e+01	2.198006981137335814e+01
2.293542355067577532e+01	2.664588887388728722e+01	3.036457598091647725e+01	2.380336647511114379e+01	2.306416958488796354e+01	2.447843766431640589e+01	2.856681820920413628e+01	2.146011532002219013e+01	2.652445203262986695e+01	2.034282617999930309e+01	2.506429313353548949e+01	2.497564251283203518e+01	2.006346576269488580e+01	2.264113419195545873e+01	2.304351321698150912e+01	2.570271852237374688e+01	2.435060190690649762e+01	0.000000000000000000e+00	2.221990691246717375e+01	2.162303565274002182e+01
2.220586281990290445e+01	1.840646316841554508e+01	2.354591845949409645e+01	2.185116265579034689e+01	2.209583897909658390e+01	2.144271328057784132e+01	2.428174475998582693e+01	1.830392055108757887e+01	2.183106851802402559e+01	1.895337349589680187e+01	2.351041289721414529e+01	2.513924185518379772e+01	2.176004399880234885e+01	2.026114252873165000e+01	1.966815552959956293e+01	2.459132151450717529e+01	2.178287324358533183e+01	2.221990691246717375e+01	0.000000000000000000e+00	2.106264818357119140e+01
2.655256538918536791e+01	2.475247981621524929e+01	2.614664299864853092e+01	2.469751735884780075e+01	2.590978809191426535e+01	2.521116725255360791e+01	2.610997286909893589e+01	2.101373256125585343e+01	2.781763487245274646e+01	1.788312044890037811e+01	2.253324805192146130e+01	2.819649331776937018e+01	2.186108067240946795e+01	1.891549081540983934e+01	2.006276991929280129e+01	2.559670743325640174e+01	2.198006981137335814e+01	2.162303565274002182e+01	2.106264818357119140e+01	0.000000000000000000e+00
